2 0.06458333333333334 0.134375 0.12916666666666668 0.16458333333333333
2 0.153125 0.740625 0.25833333333333336 0.25416666666666665
2 0.28020833333333334 0.903125 0.3020833333333333 0.19375
2 0.34479166666666666 0.8020833333333334 0.18333333333333332 0.19791666666666666
2 0.28020833333333334 0.5802083333333333 0.25416666666666665 0.2604166666666667
2 0.4375 0.653125 0.23958333333333334 0.28125
2 0.5541666666666667 0.875 0.3125 0.25
2 0.9208333333333333 0.790625 0.15833333333333333 0.23125
2 0.9333333333333333 0.6260416666666667 0.13333333333333333 0.21458333333333332
2 0.6989583333333333 0.6645833333333333 0.27708333333333335 0.27291666666666664
2 0.828125 0.46458333333333335 0.19583333333333333 0.20208333333333334
2 0.65625 0.046875 0.20416666666666666 0.09375
2 0.5708333333333333 0.4114583333333333 0.2604166666666667 0.24375
2 0.440625 0.2375 0.19583333333333333 0.20208333333333334
2 0.6333333333333333 0.246875 0.22708333333333333 0.25
2 0.8583333333333333 0.16979166666666667 0.22708333333333333 0.24375
2 0.675 0.11875 0.22916666666666666 0.16875
