2 0.4083333333333333 0.15416666666666667 0.25 0.25625
2 0.71875 0.10416666666666667 0.2604166666666667 0.19583333333333333
2 0.5375 0.06145833333333333 0.19583333333333333 0.12291666666666666
2 0.9104166666666667 0.11145833333333334 0.17916666666666667 0.18958333333333333
2 0.5197916666666667 0.3375 0.16041666666666668 0.11041666666666666
2 0.8229166666666666 0.9197916666666667 0.275 0.16041666666666668
2 0.6458333333333334 0.7833333333333333 0.20625 0.18333333333333332
2 0.8958333333333334 0.703125 0.2 0.25416666666666665
2 0.753125 0.6364583333333333 0.225 0.24791666666666667
2 0.753125 0.32916666666666666 0.26458333333333334 0.23958333333333334
2 0.9145833333333333 0.3625 0.17083333333333334 0.25416666666666665
2 0.575 0.5520833333333334 0.21666666666666667 0.2520833333333333
