2 0.7666666666666667 0.68125 0.2625 0.2708333333333333
2 0.4427083333333333 0.6479166666666667 0.2604166666666667 0.24791666666666667
2 0.3854166666666667 0.809375 0.125 0.12708333333333333
2 0.12708333333333333 0.753125 0.18125 0.19375
2 0.09479166666666666 0.43645833333333334 0.18958333333333333 0.20625
2 0.06041666666666667 0.15520833333333334 0.12083333333333333 0.16458333333333333
2 0.20520833333333333 0.109375 0.2375 0.15625
2 0.40729166666666666 0.159375 0.24583333333333332 0.20208333333333334
2 0.5135416666666667 0.31666666666666665 0.3 0.2625
2 0.221875 0.40729166666666666 0.24166666666666667 0.23541666666666666
2 0.22291666666666668 0.25416666666666665 0.24583333333333332 0.19375
2 0.09375 0.26458333333333334 0.1625 0.17083333333333334
2 0.24270833333333333 0.621875 0.2375 0.21875
2 0.09791666666666667 0.6270833333333333 0.19583333333333333 0.21458333333333332
2 0.35625 0.45625 0.19375 0.17916666666666667
2 0.16041666666666668 0.915625 0.19166666666666668 0.16875
