2 0.14479166666666668 0.7666666666666667 0.2875 0.33125
2 0.16770833333333332 0.9354166666666667 0.27291666666666664 0.12916666666666668
2 0.4479166666666667 0.928125 0.24166666666666667 0.14375
2 0.4166666666666667 0.834375 0.3 0.28958333333333336
2 0.2916666666666667 0.6354166666666666 0.24375 0.24375
2 0.48125 0.59375 0.2708333333333333 0.26666666666666666
2 0.34791666666666665 0.15208333333333332 0.24791666666666667 0.24583333333333332
2 0.8510416666666667 0.7520833333333333 0.29791666666666666 0.30833333333333335
2 0.7697916666666667 0.46979166666666666 0.2625 0.30625
2 0.859375 0.2520833333333333 0.27708333333333335 0.24583333333333332
2 0.5395833333333333 0.4197916666666667 0.33958333333333335 0.23958333333333334
2 0.63125 0.22291666666666668 0.3104166666666667 0.27708333333333335
2 0.6479166666666667 0.09895833333333333 0.3 0.19791666666666666
2 0.0625 0.45625 0.125 0.2916666666666667
2 0.19166666666666668 0.2916666666666667 0.3 0.30833333333333335
2 0.63125 0.7927083333333333 0.23541666666666666 0.24375
