2 0.684375 0.075 0.23125 0.15
2 0.8875 0.15208333333333332 0.18541666666666667 0.23958333333333334
2 0.7614583333333333 0.19583333333333333 0.2 0.16458333333333333
2 0.9270833333333334 0.7416666666666667 0.14583333333333334 0.22083333333333333
2 0.89375 0.55625 0.2125 0.23333333333333334
2 0.871875 0.9114583333333334 0.25625 0.13541666666666666
2 0.7229166666666667 0.7760416666666666 0.22291666666666668 0.275
2 0.5375 0.834375 0.23541666666666666 0.2625
2 0.428125 0.7666666666666667 0.23541666666666666 0.23541666666666666
2 0.1375 0.7604166666666666 0.25 0.21666666666666667
2 0.15729166666666666 0.5604166666666667 0.22708333333333333 0.25833333333333336
2 0.05520833333333333 0.5770833333333333 0.11041666666666666 0.25
2 0.325 0.5479166666666667 0.24791666666666667 0.24375
2 0.09791666666666667 0.39791666666666664 0.19583333333333333 0.25
2 0.13020833333333334 0.20833333333333334 0.23958333333333334 0.19166666666666668
2 0.07291666666666667 0.12395833333333334 0.14583333333333334 0.18958333333333333
2 0.23229166666666667 0.1 0.24375 0.17708333333333334
2 0.45625 0.078125 0.21666666666666667 0.15625
2 0.5197916666666667 0.49375 0.23541666666666666 0.2625
2 0.5302083333333333 0.253125 0.28125 0.24791666666666667
2 0.2947916666666667 0.30416666666666664 0.28541666666666665 0.2833333333333333
2 0.7197916666666667 0.4739583333333333 0.23125 0.22083333333333333
2 0.8385416666666666 0.32083333333333336 0.3125 0.24791666666666667
