2 0.78125 0.09270833333333334 0.3 0.18541666666666667
2 0.6 0.15833333333333333 0.3020833333333333 0.2833333333333333
2 0.5010416666666667 0.07708333333333334 0.3104166666666667 0.15416666666666667
2 0.2791666666666667 0.13541666666666666 0.22916666666666666 0.22916666666666666
2 0.871875 0.459375 0.25625 0.28958333333333336
2 0.8510416666666667 0.8322916666666667 0.29791666666666666 0.2520833333333333
2 0.6 0.875 0.2708333333333333 0.21875
2 0.3458333333333333 0.73125 0.3 0.28541666666666665
2 0.6604166666666667 0.32395833333333335 0.39375 0.37916666666666665
2 0.4 0.2604166666666667 0.24583333333333332 0.27708333333333335
2 0.5875 0.671875 0.3375 0.28125
2 0.59375 0.5260416666666666 0.4354166666666667 0.4270833333333333
2 0.25625 0.5479166666666667 0.25625 0.22916666666666666
2 0.36354166666666665 0.453125 0.2604166666666667 0.325
2 0.23229166666666667 0.3 0.31875 0.42916666666666664
2 0.09583333333333334 0.42291666666666666 0.19166666666666668 0.3416666666666667
2 0.221875 0.846875 0.36041666666666666 0.30625
2 0.15104166666666666 0.7489583333333333 0.25416666666666665 0.2625
2 0.178125 0.946875 0.19791666666666666 0.10625
