2 0.37395833333333334 0.7791666666666667 0.4270833333333333 0.34791666666666665
2 0.16979166666666667 0.7802083333333333 0.3145833333333333 0.325
2 0.5625 0.9166666666666666 0.29583333333333334 0.16666666666666666
2 0.1625 0.5572916666666666 0.325 0.41041666666666665
2 0.396875 0.5041666666666667 0.32916666666666666 0.325
2 0.26458333333333334 0.271875 0.33125 0.3375
2 0.43854166666666666 0.2375 0.18333333333333332 0.1625
2 0.11041666666666666 0.16458333333333333 0.22083333333333333 0.25833333333333336
2 0.10520833333333333 0.340625 0.21041666666666667 0.26875
2 0.659375 0.16979166666666667 0.3020833333333333 0.24583333333333332
2 0.5760416666666667 0.09479166666666666 0.2604166666666667 0.18958333333333333
2 0.81875 0.184375 0.3333333333333333 0.36875
2 0.5427083333333333 0.42083333333333334 0.2708333333333333 0.30833333333333335
2 0.6364583333333333 0.340625 0.26458333333333334 0.23541666666666666
2 0.7708333333333334 0.4166666666666667 0.30416666666666664 0.30625
2 0.865625 0.3260416666666667 0.26458333333333334 0.29583333333333334
2 0.7427083333333333 0.678125 0.41041666666666665 0.42083333333333334
2 0.9104166666666667 0.7177083333333333 0.17916666666666667 0.39375
