2 0.16458333333333333 0.06979166666666667 0.20833333333333334 0.13958333333333334
2 0.115625 0.21041666666666667 0.17916666666666667 0.2604166666666667
2 0.29270833333333335 0.171875 0.2833333333333333 0.3416666666666667
2 0.475 0.29583333333333334 0.29791666666666666 0.3104166666666667
2 0.15625 0.440625 0.26875 0.26875
2 0.134375 0.6135416666666667 0.26875 0.25625
2 0.3302083333333333 0.8416666666666667 0.27708333333333335 0.25416666666666665
2 0.51875 0.884375 0.21666666666666667 0.23125
2 0.68125 0.8770833333333333 0.26666666666666666 0.24583333333333332
2 0.8770833333333333 0.7885416666666667 0.2125 0.3375
2 0.7395833333333334 0.5104166666666666 0.21666666666666667 0.23541666666666666
2 0.3177083333333333 0.6197916666666666 0.22916666666666666 0.26458333333333334
2 0.4395833333333333 0.6458333333333334 0.22083333333333333 0.26458333333333334
2 0.6260416666666667 0.7291666666666666 0.2125 0.1875
2 0.5989583333333334 0.5333333333333333 0.28958333333333336 0.29583333333333334
2 0.90625 0.446875 0.1875 0.29375
2 0.78125 0.25104166666666666 0.30625 0.26875
2 0.8864583333333333 0.153125 0.22708333333333333 0.22291666666666668
