2 0.83125 0.115625 0.25416666666666665 0.23125
2 0.525 0.08333333333333333 0.275 0.16666666666666666
2 0.20625 0.13854166666666667 0.2916666666666667 0.21666666666666667
2 0.403125 0.14791666666666667 0.18541666666666667 0.18958333333333333
2 0.35 0.26666666666666666 0.24791666666666667 0.24791666666666667
2 0.17708333333333334 0.31875 0.25625 0.19375
2 0.128125 0.4947916666666667 0.25625 0.23541666666666666
2 0.7770833333333333 0.28020833333333334 0.19375 0.16875
2 0.89375 0.4375 0.2125 0.24583333333333332
2 0.7020833333333333 0.403125 0.24791666666666667 0.2916666666666667
2 0.540625 0.4166666666666667 0.23333333333333334 0.27291666666666664
2 0.3572916666666667 0.9 0.2520833333333333 0.2
2 0.640625 0.9208333333333333 0.28958333333333336 0.15833333333333333
2 0.7916666666666666 0.7375 0.28125 0.3020833333333333
2 0.8885416666666667 0.640625 0.17291666666666666 0.175
2 0.9427083333333334 0.7739583333333333 0.11458333333333333 0.32708333333333334
2 0.14583333333333334 0.7520833333333333 0.24166666666666667 0.3020833333333333
2 0.29270833333333335 0.7125 0.29583333333333334 0.28541666666666665
2 0.41458333333333336 0.540625 0.3729166666666667 0.325
2 0.5479166666666667 0.7635416666666667 0.31666666666666665 0.32708333333333334
