2 0.23645833333333333 0.8697916666666666 0.2520833333333333 0.225
2 0.5395833333333333 0.8625 0.3375 0.2625
2 0.08854166666666667 0.7510416666666667 0.17708333333333334 0.20625
2 0.084375 0.5489583333333333 0.16875 0.25625
2 0.16666666666666666 0.3697916666666667 0.2625 0.24375
2 0.24895833333333334 0.4791666666666667 0.2833333333333333 0.25416666666666665
2 0.28541666666666665 0.659375 0.27291666666666664 0.22291666666666668
2 0.459375 0.6958333333333333 0.19791666666666666 0.1875
2 0.6489583333333333 0.746875 0.2375 0.22708333333333333
2 0.8510416666666667 0.7875 0.25625 0.2604166666666667
2 0.8583333333333333 0.5802083333333333 0.2833333333333333 0.25625
2 0.234375 0.10208333333333333 0.24375 0.20416666666666666
2 0.43020833333333336 0.11666666666666667 0.26875 0.23333333333333334
2 0.28125 0.284375 0.18333333333333332 0.2125
2 0.43125 0.340625 0.22291666666666668 0.24791666666666667
2 0.559375 0.296875 0.21041666666666667 0.23541666666666666
2 0.7208333333333333 0.3854166666666667 0.3125 0.3416666666666667
2 0.5427083333333333 0.5604166666666667 0.28958333333333336 0.2916666666666667
2 0.859375 0.3104166666666667 0.24791666666666667 0.24375
