2 0.07083333333333333 0.79375 0.14166666666666666 0.24166666666666667
2 0.18645833333333334 0.859375 0.225 0.21458333333333332
2 0.31875 0.9 0.21666666666666667 0.18125
2 0.18854166666666666 0.6427083333333333 0.26666666666666666 0.30625
2 0.071875 0.4322916666666667 0.14375 0.17291666666666666
2 0.1 0.5208333333333334 0.1875 0.21041666666666667
2 0.24166666666666667 0.04479166666666667 0.2125 0.08958333333333333
2 0.184375 0.25 0.25625 0.2604166666666667
2 0.32916666666666666 0.5010416666666667 0.27708333333333335 0.2125
2 0.4979166666666667 0.5145833333333333 0.20416666666666666 0.22916666666666666
2 0.35520833333333335 0.6791666666666667 0.19583333333333333 0.28958333333333336
2 0.48125 0.7875 0.21041666666666667 0.28541666666666665
2 0.8614583333333333 0.890625 0.18541666666666667 0.21875
2 0.55 0.8739583333333333 0.22083333333333333 0.2520833333333333
2 0.6895833333333333 0.9302083333333333 0.20833333333333334 0.13958333333333334
2 0.6822916666666666 0.7354166666666667 0.2375 0.275
2 0.9354166666666667 0.35 0.12916666666666668 0.23333333333333334
2 0.325 0.115625 0.2708333333333333 0.23125
2 0.7604166666666666 0.38645833333333335 0.32708333333333334 0.35208333333333336
2 0.925 0.6479166666666667 0.13541666666666666 0.15833333333333333
2 0.88125 0.5666666666666667 0.2375 0.325
2 0.8979166666666667 0.7927083333333333 0.13958333333333334 0.17083333333333334
2 0.5645833333333333 0.32708333333333334 0.22291666666666668 0.27291666666666664
2 0.6604166666666667 0.14791666666666667 0.32708333333333334 0.29583333333333334
2 0.828125 0.15 0.20208333333333334 0.22291666666666668
2 0.9260416666666667 0.18229166666666666 0.14791666666666667 0.24375
2 0.48333333333333334 0.04479166666666667 0.23333333333333334 0.08958333333333333
2 0.5020833333333333 0.11770833333333333 0.15416666666666667 0.17708333333333334
2 0.3697916666666667 0.334375 0.2125 0.21041666666666667
2 0.6875 0.5770833333333333 0.20625 0.21875
