2 0.696875 0.8572916666666667 0.16041666666666668 0.175
2 0.621875 0.9385416666666667 0.22291666666666668 0.12291666666666666
2 0.4822916666666667 0.83125 0.2833333333333333 0.23125
2 0.13020833333333334 0.8114583333333333 0.25416666666666665 0.25625
2 0.11041666666666666 0.56875 0.22083333333333333 0.2875
2 0.20729166666666668 0.16770833333333332 0.13958333333333334 0.175
2 0.25833333333333336 0.29791666666666666 0.19791666666666666 0.2
2 0.3385416666666667 0.4666666666666667 0.27708333333333335 0.18541666666666667
2 0.36354166666666665 0.6895833333333333 0.13958333333333334 0.16458333333333333
2 0.46145833333333336 0.6270833333333333 0.21875 0.30625
2 0.6770833333333334 0.6833333333333333 0.14583333333333334 0.20208333333333334
2 0.8135416666666667 0.6145833333333334 0.3416666666666667 0.325
2 0.3489583333333333 0.053125 0.10208333333333333 0.10625
2 0.3927083333333333 0.18020833333333333 0.14791666666666667 0.12916666666666668
2 0.48854166666666665 0.30520833333333336 0.19583333333333333 0.22916666666666666
2 0.728125 0.39895833333333336 0.22083333333333333 0.21875
2 0.825 0.275 0.14791666666666667 0.13958333333333334
2 0.5885416666666666 0.18854166666666666 0.22916666666666666 0.15625
2 0.73125 0.13020833333333334 0.19375 0.19583333333333333
2 0.9 0.1125 0.2 0.15833333333333333
