2 0.13541666666666666 0.17291666666666666 0.2708333333333333 0.26666666666666666
2 0.33645833333333336 0.0875 0.22291666666666668 0.16458333333333333
2 0.50625 0.06770833333333333 0.22083333333333333 0.13541666666666666
2 0.8 0.090625 0.25 0.18125
2 0.10416666666666667 0.37916666666666665 0.20833333333333334 0.2833333333333333
2 0.20625 0.44583333333333336 0.27708333333333335 0.2604166666666667
2 0.39791666666666664 0.334375 0.3104166666666667 0.2916666666666667
2 0.5989583333333334 0.18541666666666667 0.26875 0.29791666666666666
2 0.75625 0.40729166666666666 0.26458333333333334 0.2833333333333333
2 0.5822916666666667 0.4864583333333333 0.2833333333333333 0.27291666666666664
2 0.4041666666666667 0.5697916666666667 0.20416666666666666 0.2125
2 0.265625 0.5947916666666667 0.24791666666666667 0.25416666666666665
2 0.17604166666666668 0.7322916666666667 0.275 0.26875
2 0.3489583333333333 0.8635416666666667 0.25625 0.27291666666666664
2 0.4625 0.6708333333333333 0.30416666666666664 0.28125
2 0.7927083333333333 0.625 0.275 0.25833333333333336
2 0.921875 0.590625 0.15625 0.3104166666666667
2 0.9572916666666667 0.81875 0.08541666666666667 0.21666666666666667
2 0.5729166666666666 0.8885416666666667 0.25416666666666665 0.22291666666666668
2 0.6104166666666667 0.7572916666666667 0.2520833333333333 0.22916666666666666
2 0.8041666666666667 0.7895833333333333 0.25625 0.21875
