2 0.22604166666666667 0.9010416666666666 0.26875 0.19791666666666666
2 0.3229166666666667 0.7041666666666667 0.3125 0.3
2 0.89375 0.471875 0.2125 0.28541666666666665
2 0.7208333333333333 0.5604166666666667 0.2833333333333333 0.26666666666666666
2 0.51875 0.6072916666666667 0.17916666666666667 0.24166666666666667
2 0.42083333333333334 0.509375 0.22083333333333333 0.25833333333333336
2 0.29791666666666666 0.4427083333333333 0.325 0.3104166666666667
2 0.07291666666666667 0.4114583333333333 0.14583333333333334 0.27291666666666664
2 0.11041666666666666 0.58125 0.22083333333333333 0.175
2 0.05416666666666667 0.16666666666666666 0.10833333333333334 0.2375
2 0.29583333333333334 0.15520833333333334 0.33541666666666664 0.2875
2 0.534375 0.103125 0.25833333333333336 0.20625
2 0.609375 0.39895833333333336 0.24375 0.25416666666666665
2 0.7729166666666667 0.29375 0.25416666666666665 0.24791666666666667
2 0.7854166666666667 0.11354166666666667 0.26458333333333334 0.21458333333333332
2 0.83125 0.03229166666666667 0.225 0.06458333333333334
