2 0.8385416666666666 0.9135416666666667 0.2520833333333333 0.17291666666666666
2 0.6760416666666667 0.8979166666666667 0.27291666666666664 0.20416666666666666
2 0.815625 0.75 0.35 0.32916666666666666
2 0.646875 0.65625 0.40208333333333335 0.35625
2 0.33645833333333336 0.8947916666666667 0.21041666666666667 0.19375
2 0.196875 0.7510416666666667 0.32083333333333336 0.26458333333333334
2 0.14270833333333333 0.521875 0.28541666666666665 0.30625
2 0.058333333333333334 0.8302083333333333 0.11666666666666667 0.22708333333333333
2 0.3802083333333333 0.7208333333333333 0.13333333333333333 0.16875
2 0.3375 0.55625 0.37916666666666665 0.35
2 0.665625 0.509375 0.3625 0.2833333333333333
2 0.9083333333333333 0.42083333333333334 0.18333333333333332 0.2791666666666667
2 0.8854166666666666 0.18854166666666666 0.22916666666666666 0.2520833333333333
2 0.74375 0.190625 0.275 0.32916666666666666
2 0.5291666666666667 0.15208333333333332 0.32916666666666666 0.30416666666666664
2 0.5979166666666667 0.3625 0.30833333333333335 0.30416666666666664
2 0.28958333333333336 0.11979166666666667 0.2791666666666667 0.23958333333333334
2 0.3614583333333333 0.26145833333333335 0.25625 0.3416666666666667
2 0.14791666666666667 0.19479166666666667 0.2604166666666667 0.2604166666666667
2 0.17083333333333334 0.06145833333333333 0.2625 0.12291666666666666
