2 0.43125 0.09479166666666666 0.22083333333333333 0.18958333333333333
2 0.2552083333333333 0.09791666666666667 0.22083333333333333 0.16875
2 0.18958333333333333 0.38333333333333336 0.20625 0.21875
2 0.35 0.2875 0.175 0.15416666666666667
2 0.3958333333333333 0.42291666666666666 0.3 0.26875
2 0.40208333333333335 0.5833333333333334 0.22708333333333333 0.23333333333333334
2 0.28541666666666665 0.771875 0.2875 0.3
2 0.40625 0.915625 0.32916666666666666 0.16875
2 0.5760416666666667 0.85 0.3 0.24375
2 0.4552083333333333 0.7322916666666667 0.21875 0.2520833333333333
2 0.603125 0.6552083333333333 0.29583333333333334 0.275
2 0.615625 0.4197916666666667 0.23541666666666666 0.24791666666666667
2 0.8041666666666667 0.90625 0.24583333333333332 0.15208333333333332
2 0.934375 0.7489583333333333 0.13125 0.13541666666666666
2 0.890625 0.5260416666666666 0.21875 0.2520833333333333
2 0.7802083333333333 0.534375 0.18541666666666667 0.225
2 0.86875 0.353125 0.25833333333333336 0.28541666666666665
2 0.5802083333333333 0.19895833333333332 0.22708333333333333 0.2625
2 0.5708333333333333 0.065625 0.2 0.13125
2 0.7802083333333333 0.14479166666666668 0.23125 0.24791666666666667
