2 0.18854166666666666 0.11979166666666667 0.2604166666666667 0.23958333333333334
2 0.15104166666666666 0.25 0.23333333333333334 0.175
2 0.146875 0.5145833333333333 0.29375 0.35833333333333334
2 0.26145833333333335 0.446875 0.3541666666666667 0.41875
2 0.4708333333333333 0.5364583333333334 0.29375 0.26875
2 0.7447916666666666 0.765625 0.325 0.31666666666666665
2 0.834375 0.7364583333333333 0.25 0.2604166666666667
2 0.86875 0.803125 0.1875 0.23541666666666666
2 0.803125 0.9510416666666667 0.21458333333333332 0.09791666666666667
2 0.5583333333333333 0.8427083333333333 0.3020833333333333 0.24791666666666667
2 0.47291666666666665 0.7833333333333333 0.27708333333333335 0.30833333333333335
2 0.19583333333333333 0.75 0.3729166666666667 0.33958333333333335
2 0.34270833333333334 0.8979166666666667 0.3645833333333333 0.20416666666666666
2 0.5760416666666667 0.9614583333333333 0.31875 0.07708333333333334
2 0.05 0.55 0.1 0.15
2 0.04583333333333333 0.765625 0.09166666666666666 0.27708333333333335
