2 0.9072916666666667 0.17604166666666668 0.18541666666666667 0.23541666666666666
2 0.9541666666666667 0.328125 0.09166666666666666 0.25625
2 0.7458333333333333 0.15416666666666667 0.2 0.16458333333333333
2 0.725 0.234375 0.25 0.16875
2 0.8072916666666666 0.36041666666666666 0.275 0.25833333333333336
2 0.865625 0.784375 0.21875 0.2791666666666667
2 0.8375 0.6083333333333333 0.22916666666666666 0.2791666666666667
2 0.6052083333333333 0.10520833333333333 0.28958333333333336 0.21041666666666667
2 0.14791666666666667 0.084375 0.17916666666666667 0.16875
2 0.30625 0.09791666666666667 0.30416666666666664 0.19583333333333333
2 0.40520833333333334 0.18958333333333333 0.2625 0.3229166666666667
2 0.3177083333333333 0.30625 0.25416666666666665 0.29583333333333334
2 0.5510416666666667 0.36770833333333336 0.32916666666666666 0.33541666666666664
2 0.11145833333333334 0.41041666666666665 0.22291666666666668 0.30833333333333335
2 0.6927083333333334 0.5822916666666667 0.3145833333333333 0.3125
2 0.6864583333333333 0.778125 0.3229166666666667 0.35625
2 0.465625 0.7645833333333333 0.3020833333333333 0.28541666666666665
2 0.08854166666666667 0.8145833333333333 0.17708333333333334 0.25
2 0.228125 0.7885416666666667 0.2916666666666667 0.32916666666666666
2 0.07083333333333333 0.6708333333333333 0.14166666666666666 0.2625
2 0.175 0.603125 0.22916666666666666 0.2791666666666667
2 0.44479166666666664 0.56875 0.30416666666666664 0.30625
