2 0.8958333333333334 0.8072916666666666 0.20833333333333334 0.28125
2 0.9364583333333333 0.5697916666666667 0.12708333333333333 0.25625
2 0.7479166666666667 0.825 0.3145833333333333 0.32083333333333336
2 0.26458333333333334 0.9041666666666667 0.25416666666666665 0.19166666666666668
2 0.165625 0.7333333333333333 0.30625 0.32083333333333336
2 0.396875 0.7458333333333333 0.33541666666666664 0.3104166666666667
2 0.7947916666666667 0.6125 0.24375 0.2708333333333333
2 0.590625 0.6229166666666667 0.23958333333333334 0.2604166666666667
2 0.35 0.5520833333333334 0.27708333333333335 0.21875
2 0.8177083333333334 0.33125 0.28125 0.2875
2 0.76875 0.14895833333333333 0.3333333333333333 0.29791666666666666
2 0.5635416666666667 0.4354166666666667 0.27708333333333335 0.25833333333333336
2 0.4510416666666667 0.190625 0.2375 0.18125
2 0.5614583333333333 0.23020833333333332 0.28958333333333336 0.24583333333333332
2 0.29791666666666666 0.4083333333333333 0.3958333333333333 0.3333333333333333
2 0.178125 0.12395833333333334 0.35 0.20625
