2 0.8822916666666667 0.725 0.2125 0.22916666666666666
2 0.8802083333333334 0.4375 0.23958333333333334 0.31666666666666665
2 0.8927083333333333 0.128125 0.21458333333333332 0.19791666666666666
2 0.8479166666666667 0.2989583333333333 0.18125 0.25416666666666665
2 0.696875 0.2 0.28541666666666665 0.31666666666666665
2 0.5489583333333333 0.11458333333333333 0.26666666666666666 0.21458333333333332
2 0.30520833333333336 0.175 0.28958333333333336 0.35
2 0.4114583333333333 0.35520833333333335 0.26875 0.275
2 0.17083333333333334 0.31979166666666664 0.29583333333333334 0.24375
2 0.10625 0.18958333333333333 0.18541666666666667 0.33541666666666664
2 0.91875 0.8625 0.11666666666666667 0.275
2 0.7458333333333333 0.86875 0.31666666666666665 0.2625
2 0.5770833333333333 0.8510416666666667 0.375 0.29791666666666666
2 0.365625 0.828125 0.3416666666666667 0.2708333333333333
2 0.16145833333333334 0.4875 0.27291666666666664 0.275
2 0.7229166666666667 0.48125 0.3104166666666667 0.23541666666666666
2 0.5427083333333333 0.60625 0.2625 0.27708333333333335
2 0.7520833333333333 0.6375 0.19583333333333333 0.14166666666666666
2 0.34479166666666666 0.5822916666666667 0.2604166666666667 0.25416666666666665
2 0.22395833333333334 0.7052083333333333 0.2791666666666667 0.26458333333333334
2 0.10416666666666667 0.7916666666666666 0.20833333333333334 0.22916666666666666
2 0.07291666666666667 0.615625 0.14583333333333334 0.19791666666666666
