2 0.8020833333333334 0.153125 0.2625 0.27291666666666664
2 0.47604166666666664 0.13541666666666666 0.23125 0.225
2 0.640625 0.075 0.15625 0.15
2 0.3333333333333333 0.08229166666666667 0.225 0.1625
2 0.2875 0.23125 0.2604166666666667 0.20833333333333334
2 0.521875 0.37604166666666666 0.2791666666666667 0.2875
2 0.70625 0.32708333333333334 0.125 0.20625
2 0.8166666666666667 0.3697916666666667 0.23958333333333334 0.21041666666666667
2 0.8854166666666666 0.47708333333333336 0.22916666666666666 0.22083333333333333
2 0.16041666666666668 0.815625 0.29583333333333334 0.25625
2 0.340625 0.809375 0.25 0.3020833333333333
2 0.4739583333333333 0.7229166666666667 0.24583333333333332 0.31666666666666665
2 0.171875 0.5583333333333333 0.28958333333333336 0.21875
2 0.16666666666666666 0.38958333333333334 0.3104166666666667 0.2375
2 0.646875 0.56875 0.24375 0.2604166666666667
2 0.690625 0.8677083333333333 0.275 0.25416666666666665
2 0.928125 0.7802083333333333 0.14375 0.27291666666666664
2 0.8822916666666667 0.615625 0.23541666666666666 0.18958333333333333
