2 0.27708333333333335 0.10520833333333333 0.23333333333333334 0.20208333333333334
2 0.5770833333333333 0.14375 0.31875 0.23125
2 0.09895833333333333 0.203125 0.19791666666666666 0.18541666666666667
2 0.08229166666666667 0.40625 0.16458333333333333 0.24166666666666667
2 0.15520833333333334 0.5947916666666667 0.24375 0.22083333333333333
2 0.24895833333333334 0.49375 0.2625 0.22916666666666666
2 0.303125 0.31875 0.25416666666666665 0.19791666666666666
2 0.48020833333333335 0.30104166666666665 0.18125 0.17083333333333334
2 0.6739583333333333 0.26979166666666665 0.21875 0.20625
2 0.878125 0.25 0.23541666666666666 0.23958333333333334
2 0.8666666666666667 0.4552083333333333 0.26666666666666666 0.23125
2 0.19166666666666668 0.884375 0.225 0.21458333333333332
2 0.38958333333333334 0.884375 0.24583333333333332 0.23125
2 0.259375 0.6916666666666667 0.16458333333333333 0.19791666666666666
2 0.41458333333333336 0.6510416666666666 0.2 0.22916666666666666
2 0.5385416666666667 0.7083333333333334 0.18958333333333333 0.21666666666666667
2 0.7083333333333334 0.6364583333333333 0.2833333333333333 0.31666666666666665
2 0.5489583333333333 0.44375 0.26458333333333334 0.26666666666666666
2 0.8375 0.7260416666666667 0.22708333333333333 0.22291666666666668
