2 0.5145833333333333 0.5229166666666667 0.23125 0.22708333333333333
2 0.36770833333333336 0.715625 0.10625 0.10833333333333334
2 0.6052083333333333 0.6770833333333334 0.20833333333333334 0.175
2 0.5645833333333333 0.7697916666666667 0.16666666666666666 0.14583333333333334
2 0.70625 0.9322916666666666 0.25416666666666665 0.13541666666666666
2 0.5145833333333333 0.9541666666666667 0.20833333333333334 0.09166666666666666
2 0.690625 0.8166666666666667 0.1875 0.21458333333333332
2 0.6260416666666667 0.4875 0.21875 0.19791666666666666
2 0.7208333333333333 0.5354166666666667 0.16666666666666666 0.22291666666666668
2 0.8510416666666667 0.7270833333333333 0.16666666666666666 0.23125
2 0.9260416666666667 0.6010416666666667 0.14375 0.17083333333333334
2 0.88125 0.43125 0.18958333333333333 0.20208333333333334
2 0.7135416666666666 0.26666666666666666 0.21041666666666667 0.16666666666666666
2 0.346875 0.14166666666666666 0.12708333333333333 0.11666666666666667
2 0.575 0.17708333333333334 0.22291666666666668 0.175
2 0.7135416666666666 0.0875 0.20833333333333334 0.16041666666666668
2 0.85 0.11666666666666667 0.18958333333333333 0.19791666666666666
2 0.9197916666666667 0.13645833333333332 0.16041666666666668 0.22708333333333333
2 0.8989583333333333 0.321875 0.20208333333333334 0.18125
2 0.3385416666666667 0.6041666666666666 0.11666666666666667 0.08958333333333333
