2 0.29375 0.7479166666666667 0.23541666666666666 0.24375
2 0.5958333333333333 0.6270833333333333 0.2375 0.22083333333333333
2 0.6947916666666667 0.765625 0.1125 0.11458333333333333
2 0.9239583333333333 0.6395833333333333 0.15208333333333332 0.175
2 0.8875 0.32395833333333335 0.20416666666666666 0.18333333333333332
2 0.871875 0.052083333333333336 0.20208333333333334 0.10416666666666667
2 0.675 0.053125 0.225 0.10625
2 0.4947916666666667 0.146875 0.22916666666666666 0.175
2 0.43645833333333334 0.32708333333333334 0.27708333333333335 0.23125
2 0.7416666666666667 0.334375 0.21875 0.21041666666666667
2 0.6989583333333333 0.1875 0.22916666666666666 0.16666666666666666
2 0.8260416666666667 0.16145833333333334 0.14375 0.15416666666666667
2 0.78125 0.546875 0.21666666666666667 0.19375
2 0.9166666666666666 0.5104166666666666 0.16666666666666666 0.19583333333333333
2 0.6260416666666667 0.41875 0.17708333333333334 0.15833333333333333
2 0.934375 0.84375 0.13125 0.23333333333333334
