2 0.5427083333333333 0.8864583333333333 0.21458333333333332 0.19375
2 0.5677083333333334 0.75625 0.22708333333333333 0.27708333333333335
2 0.7125 0.8114583333333333 0.21041666666666667 0.21041666666666667
2 0.7177083333333333 0.6552083333333333 0.30416666666666664 0.34791666666666665
2 0.7989583333333333 0.3625 0.3958333333333333 0.36666666666666664
2 0.528125 0.21145833333333333 0.22291666666666668 0.26666666666666666
2 0.6947916666666667 0.15833333333333333 0.22916666666666666 0.2833333333333333
2 0.909375 0.165625 0.18125 0.2520833333333333
2 0.8020833333333334 0.18020833333333333 0.20208333333333334 0.22708333333333333
2 0.5666666666666667 0.10520833333333333 0.23333333333333334 0.21041666666666667
