2 0.9260416666666667 0.8322916666666667 0.14791666666666667 0.23541666666666666
2 0.6260416666666667 0.13854166666666667 0.32708333333333334 0.23125
2 0.15625 0.08020833333333334 0.27708333333333335 0.14791666666666667
2 0.31354166666666666 0.23854166666666668 0.25833333333333336 0.20833333333333334
2 0.08125 0.23020833333333332 0.1625 0.21875
2 0.08229166666666667 0.4479166666666667 0.16458333333333333 0.20833333333333334
2 0.271875 0.434375 0.28125 0.21875
2 0.4427083333333333 0.5114583333333333 0.18125 0.19375
2 0.7541666666666667 0.91875 0.20625 0.15208333333333332
2 0.5822916666666667 0.7822916666666667 0.25833333333333336 0.3020833333333333
2 0.128125 0.859375 0.16666666666666666 0.2
2 0.17291666666666666 0.6458333333333334 0.30625 0.22083333333333333
2 0.8854166666666666 0.584375 0.22916666666666666 0.33958333333333335
2 0.6833333333333333 0.5302083333333333 0.28125 0.22916666666666666
2 0.8645833333333334 0.175 0.23541666666666666 0.20833333333333334
2 0.8072916666666666 0.35104166666666664 0.3229166666666667 0.18958333333333333
2 0.33125 0.896875 0.2791666666666667 0.20625
