2 0.9052083333333333 0.8635416666666667 0.17291666666666666 0.20416666666666666
2 0.88125 0.70625 0.22708333333333333 0.15416666666666667
2 0.853125 0.3145833333333333 0.19791666666666666 0.21041666666666667
2 0.8958333333333334 0.153125 0.20833333333333334 0.28958333333333336
2 0.6958333333333333 0.86875 0.17916666666666667 0.22708333333333333
2 0.5416666666666666 0.8958333333333334 0.24166666666666667 0.20833333333333334
2 0.3229166666666667 0.878125 0.3104166666666667 0.24166666666666667
2 0.19791666666666666 0.8697916666666666 0.28541666666666665 0.25
2 0.63125 0.703125 0.2625 0.28125
2 0.4 0.7541666666666667 0.3020833333333333 0.28958333333333336
2 0.15625 0.6947916666666667 0.24583333333333332 0.2375
2 0.41770833333333335 0.590625 0.33125 0.32708333333333334
2 0.5927083333333333 0.5447916666666667 0.21458333333333332 0.20833333333333334
2 0.7979166666666667 0.49895833333333334 0.3333333333333333 0.29375
2 0.6583333333333333 0.37604166666666666 0.31666666666666665 0.21666666666666667
2 0.64375 0.22083333333333333 0.28958333333333336 0.23541666666666666
2 0.3145833333333333 0.24166666666666667 0.28541666666666665 0.2604166666666667
2 0.46979166666666666 0.32395833333333335 0.19583333333333333 0.2604166666666667
2 0.31354166666666666 0.43645833333333334 0.35208333333333336 0.24583333333333332
2 0.39479166666666665 0.09895833333333333 0.27708333333333335 0.19791666666666666
2 0.6145833333333334 0.065625 0.22291666666666668 0.13125
