2 0.915625 0.15625 0.16875 0.225
2 0.7541666666666667 0.19270833333333334 0.20416666666666666 0.2125
2 0.678125 0.11041666666666666 0.24166666666666667 0.20833333333333334
2 0.4791666666666667 0.07604166666666666 0.19166666666666668 0.15208333333333332
2 0.259375 0.051041666666666666 0.23541666666666666 0.10208333333333333
2 0.140625 0.12291666666666666 0.21458333333333332 0.24583333333333332
2 0.4479166666666667 0.15 0.19166666666666668 0.19583333333333333
2 0.31145833333333334 0.16458333333333333 0.21875 0.21666666666666667
2 0.953125 0.3385416666666667 0.09375 0.20625
2 0.875 0.428125 0.24166666666666667 0.25625
2 0.8697916666666666 0.5770833333333333 0.19375 0.14375
2 0.6697916666666667 0.49583333333333335 0.28125 0.2520833333333333
2 0.6166666666666667 0.315625 0.30833333333333335 0.22083333333333333
2 0.46770833333333334 0.4510416666666667 0.22708333333333333 0.21875
2 0.378125 0.315625 0.24791666666666667 0.18541666666666667
2 0.184375 0.28125 0.17291666666666666 0.18541666666666667
2 0.10729166666666666 0.421875 0.21458333333333332 0.22291666666666668
2 0.84375 0.721875 0.2708333333333333 0.25833333333333336
2 0.68125 0.7416666666666667 0.25833333333333336 0.2604166666666667
2 0.6833333333333333 0.9458333333333333 0.22916666666666666 0.10833333333333334
2 0.853125 0.9041666666666667 0.18125 0.19166666666666668
2 0.5666666666666667 0.85 0.2125 0.20416666666666666
2 0.46145833333333336 0.6666666666666666 0.26875 0.28541666666666665
2 0.2677083333333333 0.4864583333333333 0.19375 0.22916666666666666
2 0.11458333333333333 0.596875 0.22916666666666666 0.20625
2 0.09583333333333334 0.7229166666666667 0.19166666666666668 0.17916666666666667
2 0.2864583333333333 0.7395833333333334 0.22708333333333333 0.22291666666666668
2 0.3770833333333333 0.9010416666666666 0.21875 0.19583333333333333
