2 0.13229166666666667 0.8020833333333334 0.26458333333333334 0.29583333333333334
2 0.534375 0.865625 0.33541666666666664 0.26875
2 0.40208333333333335 0.7854166666666667 0.32708333333333334 0.2916666666666667
2 0.8302083333333333 0.65625 0.33958333333333335 0.3625
2 0.7739583333333333 0.8770833333333333 0.33125 0.24583333333333332
2 0.75625 0.16875 0.3104166666666667 0.27291666666666664
2 0.859375 0.34479166666666666 0.28125 0.27708333333333335
2 0.209375 0.5427083333333333 0.32708333333333334 0.39375
2 0.3416666666666667 0.55 0.3 0.2875
2 0.6760416666666667 0.7864583333333334 0.275 0.28125
2 0.5385416666666667 0.5197916666666667 0.3333333333333333 0.3
2 0.528125 0.28958333333333336 0.39375 0.3416666666666667
2 0.5729166666666666 0.14895833333333333 0.2791666666666667 0.2708333333333333
2 0.384375 0.12083333333333333 0.31875 0.24166666666666667
2 0.18645833333333334 0.15104166666666666 0.29375 0.3020833333333333
2 0.184375 0.35625 0.35833333333333334 0.30833333333333335
2 0.28020833333333334 0.253125 0.27708333333333335 0.21875
2 0.8864583333333333 0.446875 0.22708333333333333 0.30625
