2 0.928125 0.24791666666666667 0.14375 0.325
2 0.8947916666666667 0.5114583333333333 0.19583333333333333 0.21875
2 0.85625 0.8322916666666667 0.25833333333333336 0.33541666666666664
2 0.765625 0.5885416666666666 0.24583333333333332 0.3333333333333333
2 0.653125 0.8833333333333333 0.14375 0.22083333333333333
2 0.49166666666666664 0.884375 0.3458333333333333 0.23125
2 0.6489583333333333 0.6479166666666667 0.23541666666666666 0.3229166666666667
2 0.8145833333333333 0.13854166666666667 0.33125 0.2604166666666667
2 0.7197916666666667 0.359375 0.29791666666666666 0.2875
2 0.44895833333333335 0.146875 0.32708333333333334 0.29375
2 0.20416666666666666 0.14895833333333333 0.29375 0.2625
2 0.5229166666666667 0.37604166666666666 0.29583333333333334 0.325
2 0.346875 0.3489583333333333 0.23333333333333334 0.2604166666666667
2 0.13020833333333334 0.296875 0.2520833333333333 0.24791666666666667
2 0.2 0.46041666666666664 0.22916666666666666 0.2
2 0.45 0.6729166666666667 0.30625 0.32916666666666666
2 0.26145833333333335 0.8083333333333333 0.29583333333333334 0.23958333333333334
2 0.275 0.6114583333333333 0.225 0.25416666666666665
2 0.08854166666666667 0.578125 0.17708333333333334 0.24375
