2 0.20520833333333333 0.303125 0.21458333333333332 0.22291666666666668
2 0.28541666666666665 0.3729166666666667 0.2625 0.225
2 0.07604166666666666 0.3229166666666667 0.15208333333333332 0.24166666666666667
2 0.184375 0.659375 0.14375 0.1625
2 0.159375 0.7270833333333333 0.13333333333333333 0.19791666666666666
2 0.31145833333333334 0.5979166666666667 0.38125 0.2791666666666667
2 0.36770833333333336 0.49270833333333336 0.32708333333333334 0.3625
2 0.584375 0.6239583333333333 0.23541666666666666 0.28958333333333336
2 0.6583333333333333 0.5166666666666667 0.23333333333333334 0.29791666666666666
2 0.821875 0.459375 0.29375 0.2125
2 0.8833333333333333 0.5541666666666667 0.23333333333333334 0.2875
2 0.30520833333333336 0.8541666666666666 0.2791666666666667 0.20833333333333334
2 0.21354166666666666 0.915625 0.17291666666666666 0.16875
2 0.5979166666666667 0.8354166666666667 0.39166666666666666 0.2604166666666667
2 0.7729166666666667 0.7833333333333333 0.26458333333333334 0.20208333333333334
2 0.8770833333333333 0.725 0.24583333333333332 0.31666666666666665
