2 0.29270833333333335 0.096875 0.1875 0.17083333333333334
2 0.40625 0.09479166666666666 0.08958333333333333 0.12083333333333333
2 0.5135416666666667 0.21041666666666667 0.175 0.20208333333333334
2 0.6947916666666667 0.23541666666666666 0.18125 0.20833333333333334
2 0.8104166666666667 0.07708333333333334 0.23333333333333334 0.15416666666666667
2 0.88125 0.2625 0.2125 0.21666666666666667
2 0.11875 0.31354166666666666 0.2375 0.27291666666666664
2 0.3333333333333333 0.3875 0.275 0.23125
2 0.16145833333333334 0.5083333333333333 0.28541666666666665 0.24375
2 0.3177083333333333 0.73125 0.2604166666666667 0.2520833333333333
2 0.18229166666666666 0.9458333333333333 0.25625 0.10833333333333334
2 0.33958333333333335 0.9354166666666667 0.2 0.12916666666666668
2 0.5135416666666667 0.8479166666666667 0.3145833333333333 0.30416666666666664
2 0.49583333333333335 0.5010416666666667 0.3104166666666667 0.275
2 0.590625 0.6802083333333333 0.18125 0.19166666666666668
2 0.765625 0.7041666666666667 0.30833333333333335 0.3020833333333333
2 0.7458333333333333 0.8989583333333333 0.25416666666666665 0.17916666666666667
2 0.9 0.8104166666666667 0.2 0.20833333333333334
