2 0.80625 0.5010416666666667 0.35833333333333334 0.375
2 0.5416666666666666 0.8395833333333333 0.35 0.32083333333333336
2 0.8833333333333333 0.821875 0.23333333333333334 0.30625
2 0.778125 0.21875 0.3 0.31666666666666665
2 0.8489583333333334 0.08229166666666667 0.24375 0.16458333333333333
2 0.284375 0.13958333333333334 0.3375 0.2708333333333333
2 0.08333333333333333 0.11458333333333333 0.16666666666666666 0.175
2 0.140625 0.3625 0.28125 0.39166666666666666
2 0.378125 0.27395833333333336 0.31666666666666665 0.30833333333333335
2 0.5927083333333333 0.48541666666666666 0.2604166666666667 0.25416666666666665
2 0.3697916666666667 0.5260416666666666 0.32916666666666666 0.24375
2 0.3104166666666667 0.38229166666666664 0.2520833333333333 0.24166666666666667
2 0.3104166666666667 0.7010416666666667 0.32708333333333334 0.31875
2 0.19791666666666666 0.78125 0.25 0.2375
2 0.146875 0.8885416666666667 0.24791666666666667 0.22291666666666668
