2 0.921875 0.22395833333333334 0.15625 0.3104166666666667
2 0.78125 0.234375 0.29791666666666666 0.32916666666666666
2 0.7333333333333333 0.12395833333333334 0.31875 0.225
2 0.44479166666666664 0.11666666666666667 0.33125 0.23333333333333334
2 0.21770833333333334 0.059375 0.28541666666666665 0.11875
2 0.5666666666666667 0.22395833333333334 0.2375 0.23958333333333334
2 0.18645833333333334 0.16354166666666667 0.29583333333333334 0.275
2 0.6229166666666667 0.4041666666666667 0.35208333333333336 0.31666666666666665
2 0.40729166666666666 0.35104166666666664 0.3333333333333333 0.29375
2 0.15416666666666667 0.325 0.29583333333333334 0.28541666666666665
2 0.12083333333333333 0.42604166666666665 0.24166666666666667 0.26458333333333334
2 0.9072916666666667 0.46770833333333334 0.18541666666666667 0.2520833333333333
2 0.8322916666666667 0.6229166666666667 0.33541666666666664 0.43333333333333335
2 0.84375 0.8583333333333333 0.22291666666666668 0.2375
2 0.7458333333333333 0.9114583333333334 0.2375 0.17708333333333334
2 0.6833333333333333 0.703125 0.2375 0.2520833333333333
2 0.5041666666666667 0.7166666666666667 0.25416666666666665 0.325
2 0.45729166666666665 0.5427083333333333 0.27291666666666664 0.26458333333333334
2 0.6166666666666667 0.8010416666666667 0.31666666666666665 0.3458333333333333
2 0.3104166666666667 0.5354166666666667 0.28541666666666665 0.29583333333333334
2 0.153125 0.5729166666666666 0.30625 0.29583333333333334
2 0.36041666666666666 0.71875 0.29375 0.275
2 0.2520833333333333 0.746875 0.3104166666666667 0.29583333333333334
2 0.121875 0.7822916666666667 0.24375 0.23958333333333334
2 0.70625 0.490625 0.20208333333333334 0.22083333333333333
