2 0.925 0.6854166666666667 0.15 0.2791666666666667
2 0.9229166666666667 0.871875 0.15416666666666667 0.21041666666666667
2 0.7552083333333334 0.903125 0.20625 0.19375
2 0.10625 0.903125 0.2125 0.18958333333333333
2 0.11354166666666667 0.665625 0.22708333333333333 0.24375
2 0.39479166666666665 0.8645833333333334 0.22916666666666666 0.16458333333333333
2 0.3020833333333333 0.9302083333333333 0.24166666666666667 0.13958333333333334
2 0.909375 0.4322916666666667 0.18125 0.17708333333333334
2 0.94375 0.22604166666666667 0.1125 0.23541666666666666
2 0.89375 0.078125 0.2125 0.15625
2 0.8020833333333334 0.25729166666666664 0.13958333333333334 0.18125
2 0.7729166666666667 0.5260416666666666 0.21458333333333332 0.19375
2 0.7791666666666667 0.6760416666666667 0.18958333333333333 0.17916666666666667
2 0.6125 0.6447916666666667 0.24583333333333332 0.27291666666666664
2 0.6020833333333333 0.4666666666666667 0.16666666666666666 0.16875
2 0.08958333333333333 0.08958333333333333 0.17916666666666667 0.17916666666666667
2 0.6125 0.21041666666666667 0.20625 0.2875
2 0.34791666666666665 0.7197916666666667 0.3104166666666667 0.24583333333333332
2 0.30625 0.5864583333333333 0.23958333333333334 0.19375
2 0.46041666666666664 0.4635416666666667 0.2375 0.21458333333333332
2 0.08020833333333334 0.346875 0.16041666666666668 0.3145833333333333
2 0.184375 0.4239583333333333 0.175 0.17291666666666666
2 0.18541666666666667 0.178125 0.20416666666666666 0.20208333333333334
2 0.31666666666666665 0.3020833333333333 0.2625 0.23958333333333334
2 0.35 0.10208333333333333 0.225 0.20416666666666666
