2 0.8145833333333333 0.475 0.21041666666666667 0.20833333333333334
2 0.6104166666666667 0.321875 0.2 0.27708333333333335
2 0.5614583333333333 0.1125 0.21666666666666667 0.1875
2 0.8 0.159375 0.1875 0.1625
2 0.909375 0.540625 0.14791666666666667 0.15625
2 0.85625 0.6552083333333333 0.20625 0.17916666666666667
2 0.85 0.8947916666666667 0.2375 0.21041666666666667
2 0.7385416666666667 0.8177083333333334 0.22083333333333333 0.22916666666666666
2 0.91875 0.7864583333333334 0.14583333333333334 0.22708333333333333
2 0.9427083333333334 0.3 0.11458333333333333 0.17916666666666667
