2 0.09895833333333333 0.8458333333333333 0.19791666666666666 0.225
2 0.046875 0.6958333333333333 0.09375 0.25416666666666665
2 0.27291666666666664 0.8583333333333333 0.19375 0.15625
2 0.28958333333333336 0.7770833333333333 0.24583333333333332 0.15625
2 0.20104166666666667 0.6552083333333333 0.26458333333333334 0.24791666666666667
2 0.11979166666666667 0.234375 0.20625 0.2708333333333333
2 0.15729166666666666 0.409375 0.21875 0.27291666666666664
2 0.41458333333333336 0.9 0.2833333333333333 0.2
2 0.8729166666666667 0.90625 0.16666666666666666 0.1875
2 0.715625 0.8989583333333333 0.29375 0.20208333333333334
2 0.6114583333333333 0.8052083333333333 0.24791666666666667 0.3145833333333333
2 0.6927083333333334 0.684375 0.24166666666666667 0.2875
2 0.45625 0.634375 0.31666666666666665 0.3229166666666667
2 0.89375 0.5677083333333334 0.2125 0.3020833333333333
2 0.303125 0.428125 0.30416666666666664 0.3
2 0.3 0.23229166666666667 0.30833333333333335 0.3458333333333333
2 0.5197916666666667 0.234375 0.2916666666666667 0.275
2 0.903125 0.16041666666666668 0.19375 0.2375
2 0.75625 0.19791666666666666 0.27708333333333335 0.31875
2 0.9260416666666667 0.303125 0.14791666666666667 0.25625
2 0.8197916666666667 0.3802083333333333 0.21875 0.27291666666666664
2 0.5520833333333334 0.42916666666666664 0.2916666666666667 0.29375
