2 0.14895833333333333 0.03229166666666667 0.21875 0.06458333333333334
2 0.1 0.31979166666666664 0.18958333333333333 0.23541666666666666
2 0.09791666666666667 0.4791666666666667 0.19583333333333333 0.20416666666666666
2 0.13125 0.6395833333333333 0.225 0.21875
2 0.115625 0.859375 0.23125 0.23541666666666666
2 0.175 0.7885416666666667 0.20833333333333334 0.23541666666666666
2 0.334375 0.721875 0.27708333333333335 0.2625
2 0.48541666666666666 0.8114583333333333 0.28541666666666665 0.26458333333333334
2 0.26875 0.465625 0.20833333333333334 0.2375
2 0.315625 0.28541666666666665 0.25416666666666665 0.26458333333333334
2 0.33541666666666664 0.125 0.2791666666666667 0.25
2 0.5354166666666667 0.38229166666666664 0.20625 0.2520833333333333
2 0.39375 0.553125 0.23958333333333334 0.19375
2 0.5583333333333333 0.6177083333333333 0.25833333333333336 0.2375
2 0.7208333333333333 0.8291666666666667 0.225 0.2125
2 0.8604166666666667 0.9302083333333333 0.21666666666666667 0.13958333333333334
2 0.7677083333333333 0.6458333333333334 0.23333333333333334 0.2791666666666667
2 0.778125 0.37604166666666666 0.25625 0.27291666666666664
2 0.9135416666666667 0.428125 0.17291666666666666 0.21875
2 0.9270833333333334 0.25833333333333336 0.14583333333333334 0.21666666666666667
2 0.921875 0.121875 0.15625 0.18541666666666667
2 0.5614583333333333 0.12395833333333334 0.25416666666666665 0.24791666666666667
2 0.7364583333333333 0.09270833333333334 0.2375 0.16666666666666666
2 0.7864583333333334 0.1875 0.1875 0.1375
2 0.553125 0.9510416666666667 0.18125 0.09791666666666667
2 0.78125 0.8760416666666667 0.16458333333333333 0.175
