2 0.8010416666666667 0.5895833333333333 0.28125 0.22916666666666666
2 0.909375 0.7854166666666667 0.14791666666666667 0.2125
2 0.8604166666666667 0.9291666666666667 0.19166666666666668 0.14166666666666666
2 0.7020833333333333 0.8958333333333334 0.32083333333333336 0.20833333333333334
2 0.58125 0.36875 0.175 0.13958333333333334
2 0.43020833333333336 0.35208333333333336 0.21875 0.3333333333333333
2 0.12395833333333334 0.08854166666666667 0.18125 0.17708333333333334
2 0.20208333333333334 0.315625 0.2791666666666667 0.25833333333333336
2 0.296875 0.12708333333333333 0.2520833333333333 0.25416666666666665
2 0.190625 0.4125 0.27291666666666664 0.22708333333333333
2 0.7052083333333333 0.8052083333333333 0.14583333333333334 0.125
