2 0.18958333333333333 0.38125 0.3770833333333333 0.3458333333333333
2 0.55 0.5760416666666667 0.3145833333333333 0.22916666666666666
2 0.8822916666666667 0.4947916666666667 0.23541666666666666 0.29791666666666666
2 0.75625 0.284375 0.32708333333333334 0.30833333333333335
2 0.7364583333333333 0.63125 0.35208333333333336 0.2916666666666667
2 0.44166666666666665 0.7697916666666667 0.37916666666666665 0.3458333333333333
2 0.7458333333333333 0.846875 0.4 0.30625
2 0.8916666666666667 0.296875 0.21666666666666667 0.26458333333333334
2 0.19791666666666666 0.8197916666666667 0.32708333333333334 0.29375
2 0.06979166666666667 0.7333333333333333 0.13958333333333334 0.3375
2 0.19583333333333333 0.053125 0.2 0.10625
2 0.14583333333333334 0.16770833333333332 0.17708333333333334 0.15208333333333332
2 0.2791666666666667 0.6572916666666667 0.25416666666666665 0.19166666666666668
