2 0.9 0.2125 0.16458333333333333 0.28541666666666665
2 0.8989583333333333 0.46770833333333334 0.20208333333333334 0.26875
2 0.7822916666666667 0.6604166666666667 0.2375 0.24166666666666667
2 0.9083333333333333 0.690625 0.18333333333333332 0.26875
2 0.7041666666666667 0.921875 0.19375 0.13333333333333333
2 0.7229166666666667 0.8291666666666667 0.14791666666666667 0.14791666666666667
2 0.8447916666666667 0.8677083333333333 0.25 0.20625
2 0.9427083333333334 0.8708333333333333 0.11458333333333333 0.15416666666666667
2 0.8104166666666667 0.052083333333333336 0.26666666666666666 0.10416666666666667
2 0.615625 0.05625 0.2520833333333333 0.1125
2 0.771875 0.12395833333333334 0.21666666666666667 0.2125
2 0.61875 0.128125 0.23333333333333334 0.225
2 0.7270833333333333 0.2635416666666667 0.21666666666666667 0.2520833333333333
2 0.403125 0.09479166666666666 0.24791666666666667 0.18958333333333333
2 0.026041666666666668 0.28020833333333334 0.052083333333333336 0.26458333333333334
2 0.12395833333333334 0.20729166666666668 0.24791666666666667 0.27291666666666664
2 0.2989583333333333 0.2375 0.18958333333333333 0.24583333333333332
2 0.44895833333333335 0.240625 0.2520833333333333 0.24583333333333332
2 0.17291666666666666 0.40208333333333335 0.275 0.20208333333333334
2 0.06354166666666666 0.496875 0.12708333333333333 0.23958333333333334
2 0.12083333333333333 0.715625 0.21875 0.25625
2 0.14270833333333333 0.896875 0.20625 0.20625
2 0.28541666666666665 0.9354166666666667 0.2791666666666667 0.12916666666666668
2 0.3072916666666667 0.840625 0.26458333333333334 0.21458333333333332
2 0.24166666666666667 0.6770833333333334 0.18333333333333332 0.22083333333333333
2 0.36666666666666664 0.6697916666666667 0.24583333333333332 0.22083333333333333
2 0.19479166666666667 0.5677083333333334 0.24791666666666667 0.19583333333333333
2 0.31979166666666664 0.48020833333333335 0.22708333333333333 0.21458333333333332
2 0.4739583333333333 0.45416666666666666 0.19791666666666666 0.21666666666666667
2 0.5958333333333333 0.38333333333333336 0.24166666666666667 0.25
2 0.55625 0.596875 0.2708333333333333 0.24791666666666667
2 0.5458333333333333 0.7770833333333333 0.20625 0.2375
