2 0.1375 0.490625 0.275 0.28125
2 0.10416666666666667 0.703125 0.20625 0.29583333333333334
2 0.19583333333333333 0.8635416666666667 0.2625 0.27291666666666664
2 0.371875 0.890625 0.23541666666666666 0.21875
2 0.85625 0.9145833333333333 0.15416666666666667 0.14375
2 0.12604166666666666 0.125 0.21458333333333332 0.23958333333333334
2 0.28854166666666664 0.20520833333333333 0.25833333333333336 0.2625
2 0.3145833333333333 0.3458333333333333 0.16666666666666666 0.18125
2 0.33645833333333336 0.6697916666666667 0.27291666666666664 0.2625
2 0.5885416666666666 0.7729166666666667 0.325 0.28958333333333336
2 0.7510416666666667 0.6916666666666667 0.24583333333333332 0.23541666666666666
2 0.890625 0.5375 0.21875 0.32916666666666666
2 0.465625 0.44895833333333335 0.2833333333333333 0.31875
2 0.6458333333333334 0.5072916666666667 0.3125 0.21041666666666667
2 0.6 0.33958333333333335 0.20416666666666666 0.22708333333333333
2 0.8104166666666667 0.2760416666666667 0.26875 0.3145833333333333
2 0.9114583333333334 0.09791666666666667 0.16458333333333333 0.19583333333333333
2 0.39895833333333336 0.125 0.19791666666666666 0.25
2 0.6260416666666667 0.12916666666666668 0.31875 0.25833333333333336
