2 0.9 0.9416666666666667 0.2 0.09583333333333334
2 0.9145833333333333 0.6302083333333334 0.17083333333333334 0.22708333333333333
2 0.903125 0.46979166666666666 0.19375 0.19375
2 0.8489583333333334 0.31666666666666665 0.21458333333333332 0.20833333333333334
2 0.8583333333333333 0.10208333333333333 0.2625 0.20416666666666666
2 0.7875 0.17395833333333333 0.19791666666666666 0.22708333333333333
2 0.6375 0.259375 0.26666666666666666 0.25
2 0.47708333333333336 0.18854166666666666 0.27291666666666664 0.2520833333333333
2 0.734375 0.50625 0.19791666666666666 0.22916666666666666
2 0.709375 0.690625 0.24166666666666667 0.25416666666666665
2 0.7114583333333333 0.8645833333333334 0.26666666666666666 0.26458333333333334
2 0.4791666666666667 0.6208333333333333 0.19375 0.24375
2 0.5989583333333334 0.434375 0.23125 0.18333333333333332
2 0.428125 0.38958333333333334 0.24791666666666667 0.225
2 0.240625 0.2 0.21458333333333332 0.20208333333333334
2 0.09479166666666666 0.09479166666666666 0.18958333333333333 0.16875
2 0.21666666666666667 0.3885416666666667 0.22083333333333333 0.2708333333333333
2 0.23854166666666668 0.6572916666666667 0.24375 0.2625
2 0.08958333333333333 0.6208333333333333 0.17708333333333334 0.21041666666666667
2 0.08958333333333333 0.7927083333333333 0.16458333333333333 0.20833333333333334
2 0.10416666666666667 0.9197916666666667 0.1875 0.16041666666666668
2 0.484375 0.8802083333333334 0.24166666666666667 0.2375
2 0.3145833333333333 0.928125 0.22916666666666666 0.14375
2 0.253125 0.8447916666666667 0.18125 0.12916666666666668
2 0.390625 0.051041666666666666 0.17916666666666667 0.10208333333333333
2 0.175 0.16145833333333334 0.15625 0.16666666666666666
