2 0.9177083333333333 0.5291666666666667 0.16458333333333333 0.2708333333333333
2 0.8020833333333334 0.20208333333333334 0.26458333333333334 0.25416666666666665
2 0.7604166666666666 0.0375 0.2 0.075
2 0.6458333333333334 0.08229166666666667 0.25416666666666665 0.16458333333333333
2 0.7875 0.45416666666666666 0.21666666666666667 0.23541666666666666
2 0.08020833333333334 0.309375 0.16041666666666668 0.2604166666666667
2 0.22083333333333333 0.22291666666666668 0.2604166666666667 0.25416666666666665
2 0.6135416666666667 0.234375 0.21041666666666667 0.2125
2 0.675 0.38229166666666664 0.20208333333333334 0.20833333333333334
2 0.4625 0.24791666666666667 0.225 0.2125
2 0.465625 0.4354166666666667 0.275 0.27708333333333335
2 0.22395833333333334 0.421875 0.3 0.30416666666666664
2 0.78125 0.7802083333333333 0.2875 0.23541666666666666
2 0.5635416666666667 0.8989583333333333 0.24791666666666667 0.20208333333333334
2 0.3541666666666667 0.9416666666666667 0.24166666666666667 0.11666666666666667
2 0.209375 0.890625 0.2520833333333333 0.21875
2 0.271875 0.6802083333333333 0.2520833333333333 0.32083333333333336
2 0.5989583333333334 0.7666666666666667 0.275 0.23541666666666666
2 0.5083333333333333 0.6375 0.28125 0.25416666666666665
2 0.39375 0.8614583333333333 0.24583333333333332 0.2625
2 0.8458333333333333 0.6427083333333333 0.16458333333333333 0.15208333333333332
