2 0.890625 0.8875 0.20625 0.225
2 0.16145833333333334 0.9052083333333333 0.3229166666666667 0.18125
2 0.2947916666666667 0.8885416666666667 0.18333333333333332 0.21875
2 0.48020833333333335 0.9135416666666667 0.28958333333333336 0.17291666666666666
2 0.6541666666666667 0.9125 0.3458333333333333 0.175
2 0.7958333333333333 0.8083333333333333 0.3 0.2520833333333333
2 0.7135416666666666 0.671875 0.20208333333333334 0.1875
2 0.8822916666666667 0.5989583333333334 0.23541666666666666 0.19166666666666668
2 0.18854166666666666 0.7208333333333333 0.2 0.19166666666666668
2 0.065625 0.7104166666666667 0.13125 0.19583333333333333
2 0.946875 0.5125 0.10625 0.22916666666666666
2 0.8822916666666667 0.36666666666666664 0.23541666666666666 0.22083333333333333
2 0.7760416666666666 0.19895833333333332 0.20625 0.17916666666666667
2 0.546875 0.16458333333333333 0.23125 0.25416666666666665
2 0.39166666666666666 0.1125 0.2916666666666667 0.225
2 0.46875 0.7822916666666667 0.2833333333333333 0.25833333333333336
2 0.146875 0.490625 0.25625 0.26666666666666666
2 0.09166666666666666 0.32395833333333335 0.18125 0.20625
2 0.128125 0.17291666666666666 0.24791666666666667 0.21666666666666667
2 0.30416666666666664 0.2989583333333333 0.24375 0.24583333333333332
2 0.3770833333333333 0.490625 0.2791666666666667 0.3375
2 0.5083333333333333 0.5833333333333334 0.225 0.20625
2 0.7166666666666667 0.5125 0.25416666666666665 0.21666666666666667
2 0.6739583333333333 0.35625 0.1875 0.23541666666666666
