2 0.8572916666666667 0.8458333333333333 0.28541666666666665 0.25416666666666665
2 0.6395833333333333 0.9208333333333333 0.21875 0.15416666666666667
2 0.46979166666666666 0.9333333333333333 0.21458333333333332 0.13333333333333333
2 0.17708333333333334 0.9020833333333333 0.24166666666666667 0.19583333333333333
2 0.89375 0.6395833333333333 0.2125 0.275
2 0.7895833333333333 0.5697916666666667 0.26875 0.25
2 0.59375 0.6708333333333333 0.3 0.2791666666666667
2 0.384375 0.8083333333333333 0.25625 0.2875
2 0.23958333333333334 0.5791666666666667 0.2520833333333333 0.27291666666666664
2 0.41770833333333335 0.509375 0.27291666666666664 0.2625
2 0.5989583333333334 0.4354166666666667 0.19583333333333333 0.20416666666666666
2 0.7395833333333334 0.41770833333333335 0.2375 0.24583333333333332
2 0.8354166666666667 0.28541666666666665 0.26458333333333334 0.25833333333333336
2 0.6697916666666667 0.140625 0.24583333333333332 0.26875
2 0.546875 0.33125 0.29375 0.26875
2 0.21458333333333332 0.36041666666666666 0.26458333333333334 0.24791666666666667
2 0.075 0.384375 0.15 0.30625
2 0.04791666666666667 0.153125 0.09583333333333334 0.21041666666666667
2 0.446875 0.10729166666666666 0.24583333333333332 0.2125
2 0.403125 0.23645833333333333 0.24375 0.21875
2 0.21145833333333333 0.19479166666666667 0.25 0.20833333333333334
