2 0.8104166666666667 0.3416666666666667 0.275 0.30416666666666664
2 0.871875 0.471875 0.25625 0.24375
2 0.865625 0.83125 0.24166666666666667 0.23125
2 0.6375 0.5520833333333334 0.3020833333333333 0.2625
2 0.8302083333333333 0.609375 0.22291666666666668 0.20208333333333334
2 0.6822916666666666 0.75625 0.3145833333333333 0.26666666666666666
2 0.6291666666666667 0.9104166666666667 0.25 0.17916666666666667
2 0.16458333333333333 0.49583333333333335 0.23958333333333334 0.24375
2 0.14270833333333333 0.21875 0.28541666666666665 0.325
2 0.3572916666666667 0.24583333333333332 0.2375 0.24375
2 0.5489583333333333 0.28020833333333334 0.27708333333333335 0.33125
2 0.6729166666666667 0.14375 0.24791666666666667 0.2625
2 0.646875 0.046875 0.24791666666666667 0.09375
2 0.346875 0.4322916666666667 0.3 0.2520833333333333
2 0.32395833333333335 0.6052083333333333 0.2833333333333333 0.21458333333333332
2 0.10833333333333334 0.6302083333333334 0.20416666666666666 0.19791666666666666
2 0.190625 0.7947916666666667 0.3020833333333333 0.25
2 0.4125 0.753125 0.35625 0.275
2 0.18958333333333333 0.9208333333333333 0.22916666666666666 0.15833333333333333
2 0.4041666666666667 0.9072916666666667 0.2916666666666667 0.18541666666666667
