2 0.19479166666666667 0.3333333333333333 0.13541666666666666 0.18541666666666667
2 0.06458333333333334 0.14583333333333334 0.12916666666666668 0.17916666666666667
2 0.2125 0.07604166666666666 0.15833333333333333 0.11041666666666666
2 0.10208333333333333 0.9208333333333333 0.13333333333333333 0.15833333333333333
2 0.22916666666666666 0.9635416666666666 0.19583333333333333 0.07291666666666667
2 0.8239583333333333 0.8666666666666667 0.14166666666666666 0.1625
2 0.9427083333333334 0.8072916666666666 0.11458333333333333 0.20208333333333334
2 0.05416666666666667 0.5947916666666667 0.10833333333333334 0.2520833333333333
2 0.2635416666666667 0.8520833333333333 0.25 0.26666666666666666
2 0.10520833333333333 0.7958333333333333 0.17083333333333334 0.19375
2 0.196875 0.6458333333333334 0.28541666666666665 0.24583333333333332
2 0.47604166666666664 0.9333333333333333 0.16875 0.13333333333333333
2 0.42604166666666665 0.85 0.19583333333333333 0.18958333333333333
2 0.6239583333333333 0.8875 0.22708333333333333 0.22291666666666668
2 0.8864583333333333 0.6708333333333333 0.22708333333333333 0.175
2 0.5104166666666666 0.6739583333333333 0.22291666666666668 0.2
2 0.7166666666666667 0.721875 0.27708333333333335 0.25416666666666665
2 0.34479166666666666 0.3875 0.21875 0.16458333333333333
2 0.41041666666666665 0.07395833333333333 0.22916666666666666 0.14791666666666667
2 0.575 0.07083333333333333 0.17083333333333334 0.14166666666666666
2 0.509375 0.19375 0.2 0.22083333333333333
2 0.4395833333333333 0.53125 0.30416666666666664 0.27708333333333335
2 0.5833333333333334 0.390625 0.24791666666666667 0.24375
2 0.696875 0.22604166666666667 0.20416666666666666 0.21875
2 0.8625 0.1375 0.22708333333333333 0.275
2 0.7885416666666667 0.315625 0.20833333333333334 0.18333333333333332
2 0.7614583333333333 0.521875 0.2791666666666667 0.21041666666666667
2 0.9135416666666667 0.390625 0.17291666666666666 0.3145833333333333
