2 0.321875 0.79375 0.15208333333333332 0.21041666666666667
2 0.478125 0.7302083333333333 0.3145833333333333 0.22083333333333333
2 0.6208333333333333 0.675 0.12916666666666668 0.15416666666666667
2 0.6958333333333333 0.7739583333333333 0.2375 0.18958333333333333
2 0.790625 0.8010416666666667 0.18541666666666667 0.175
2 0.81875 0.6802083333333333 0.22916666666666666 0.23125
2 0.9416666666666667 0.7875 0.1125 0.325
2 0.865625 0.5114583333333333 0.14166666666666666 0.15833333333333333
2 0.9270833333333334 0.24895833333333334 0.14583333333333334 0.22291666666666668
2 0.715625 0.428125 0.17291666666666666 0.25416666666666665
2 0.759375 0.321875 0.2604166666666667 0.22916666666666666
2 0.546875 0.46458333333333335 0.21875 0.22708333333333333
2 0.43020833333333336 0.37916666666666665 0.17083333333333334 0.25
2 0.54375 0.3333333333333333 0.18958333333333333 0.28125
2 0.196875 0.2947916666666667 0.28125 0.36875
2 0.225 0.121875 0.3541666666666667 0.24375
