2 0.65625 0.684375 0.22291666666666668 0.2
2 0.4395833333333333 0.578125 0.0875 0.0875
2 0.5197916666666667 0.44166666666666665 0.10416666666666667 0.09166666666666666
2 0.6822916666666666 0.46875 0.30416666666666664 0.22083333333333333
2 0.8447916666666667 0.8791666666666667 0.19583333333333333 0.19166666666666668
2 0.46041666666666664 0.928125 0.25833333333333336 0.13541666666666666
2 0.6697916666666667 0.859375 0.175 0.17291666666666666
2 0.11875 0.921875 0.2375 0.14375
2 0.052083333333333336 0.76875 0.10416666666666667 0.22083333333333333
2 0.15520833333333334 0.675 0.28125 0.19791666666666666
2 0.08333333333333333 0.30625 0.16458333333333333 0.2125
2 0.2604166666666667 0.22395833333333334 0.20833333333333334 0.20833333333333334
2 0.21875 0.07291666666666667 0.325 0.14583333333333334
2 0.621875 0.296875 0.10208333333333333 0.08125
2 0.45 0.30625 0.10208333333333333 0.07916666666666666
2 0.36770833333333336 0.4625 0.08541666666666667 0.0875
2 0.7114583333333333 0.18541666666666667 0.0875 0.0625
2 0.8177083333333334 0.040625 0.10416666666666667 0.07291666666666667
2 0.6572916666666667 0.034375 0.075 0.06458333333333334
2 0.4708333333333333 0.16354166666666667 0.225 0.23125
