2 0.8458333333333333 0.4 0.21041666666666667 0.19375
2 0.7677083333333333 0.6114583333333333 0.18333333333333332 0.17916666666666667
2 0.640625 0.321875 0.15208333333333332 0.14583333333333334
2 0.6479166666666667 0.10208333333333333 0.1625 0.19375
2 0.3260416666666667 0.475 0.2520833333333333 0.25833333333333336
2 0.3885416666666667 0.10520833333333333 0.17916666666666667 0.2
2 0.6895833333333333 0.834375 0.27708333333333335 0.29791666666666666
2 0.4947916666666667 0.8104166666666667 0.27708333333333335 0.24583333333333332
2 0.3020833333333333 0.671875 0.27291666666666664 0.25
2 0.13854166666666667 0.8583333333333333 0.19583333333333333 0.22708333333333333
2 0.184375 0.15 0.27291666666666664 0.24166666666666667
2 0.14166666666666666 0.11875 0.23958333333333334 0.1625
