2 0.10208333333333333 0.19479166666666667 0.20416666666666666 0.2520833333333333
2 0.153125 0.33229166666666665 0.25 0.29791666666666666
2 0.25416666666666665 0.584375 0.35 0.35
2 0.13645833333333332 0.7520833333333333 0.23541666666666666 0.3145833333333333
2 0.3572916666666667 0.809375 0.34791666666666665 0.35208333333333336
2 0.48854166666666665 0.5739583333333333 0.22916666666666666 0.20416666666666666
2 0.409375 0.4354166666666667 0.23333333333333334 0.20208333333333334
2 0.4479166666666667 0.13541666666666666 0.25416666666666665 0.2708333333333333
2 0.6427083333333333 0.15 0.27708333333333335 0.3
2 0.8260416666666667 0.171875 0.2520833333333333 0.2520833333333333
2 0.8875 0.7770833333333333 0.225 0.275
2 0.6270833333333333 0.8604166666666667 0.25833333333333336 0.22291666666666668
2 0.7677083333333333 0.8791666666666667 0.21458333333333332 0.17708333333333334
2 0.7739583333333333 0.6229166666666667 0.42916666666666664 0.3958333333333333
2 0.94375 0.5416666666666666 0.1125 0.1875
2 0.4791666666666667 0.3145833333333333 0.325 0.28958333333333336
2 0.6864583333333333 0.365625 0.275 0.2375
