2 0.896875 0.3 0.18958333333333333 0.25833333333333336
2 0.8854166666666666 0.6541666666666667 0.22916666666666666 0.23333333333333334
2 0.9229166666666667 0.8708333333333333 0.15416666666666667 0.1625
2 0.8104166666666667 0.8583333333333333 0.2375 0.2125
2 0.7833333333333333 0.43020833333333336 0.19791666666666666 0.22083333333333333
2 0.146875 0.853125 0.22916666666666666 0.23958333333333334
2 0.35104166666666664 0.8645833333333334 0.24166666666666667 0.23333333333333334
2 0.7083333333333334 0.7 0.19375 0.19583333333333333
2 0.70625 0.5395833333333333 0.18541666666666667 0.19375
2 0.5645833333333333 0.746875 0.20833333333333334 0.19583333333333333
2 0.49375 0.5729166666666666 0.2520833333333333 0.25625
2 0.27708333333333335 0.6791666666666667 0.27708333333333335 0.2791666666666667
2 0.65 0.13229166666666667 0.27291666666666664 0.21041666666666667
2 0.39791666666666664 0.09895833333333333 0.23333333333333334 0.19791666666666666
2 0.178125 0.115625 0.22916666666666666 0.16666666666666666
2 0.090625 0.22291666666666668 0.18125 0.26666666666666666
2 0.21979166666666666 0.42291666666666666 0.22291666666666668 0.30625
2 0.4864583333333333 0.215625 0.25833333333333336 0.2125
2 0.45416666666666666 0.37083333333333335 0.2625 0.23125
2 0.26145833333333335 0.209375 0.225 0.24375
2 0.7625 0.23333333333333334 0.15416666666666667 0.13958333333333334
