2 0.18854166666666666 0.14375 0.1375 0.14166666666666666
2 0.184375 0.0625 0.17708333333333334 0.125
2 0.09479166666666666 0.29791666666666666 0.16666666666666666 0.2375
2 0.896875 0.415625 0.20625 0.20625
2 0.93125 0.23020833333333332 0.1375 0.2604166666666667
2 0.840625 0.234375 0.225 0.20208333333333334
2 0.9114583333333334 0.621875 0.16875 0.18333333333333332
2 0.7197916666666667 0.7104166666666667 0.17083333333333334 0.15416666666666667
2 0.49895833333333334 0.6635416666666667 0.20208333333333334 0.15208333333333332
2 0.6947916666666667 0.8729166666666667 0.28541666666666665 0.25416666666666665
2 0.5083333333333333 0.8375 0.2916666666666667 0.325
2 0.31979166666666664 0.890625 0.3104166666666667 0.21458333333333332
2 0.25729166666666664 0.7770833333333333 0.2791666666666667 0.2875
2 0.21770833333333334 0.6114583333333333 0.1625 0.1875
2 0.10416666666666667 0.6666666666666666 0.20833333333333334 0.2833333333333333
2 0.32083333333333336 0.41041666666666665 0.36875 0.3854166666666667
2 0.7208333333333333 0.44166666666666665 0.24166666666666667 0.29375
2 0.590625 0.35520833333333335 0.225 0.2520833333333333
2 0.5645833333333333 0.509375 0.28541666666666665 0.19583333333333333
