2 0.8479166666666667 0.315625 0.30416666666666664 0.36041666666666666
2 0.271875 0.04583333333333333 0.20625 0.09166666666666666
2 0.47291666666666665 0.1125 0.3375 0.225
2 0.715625 0.115625 0.2791666666666667 0.20625
2 0.578125 0.265625 0.34791666666666665 0.30833333333333335
2 0.10833333333333334 0.35208333333333336 0.21666666666666667 0.2791666666666667
2 0.15208333333333332 0.18958333333333333 0.24166666666666667 0.33125
2 0.041666666666666664 0.8072916666666666 0.08333333333333333 0.18958333333333333
2 0.08020833333333334 0.7395833333333334 0.16041666666666668 0.3458333333333333
2 0.16458333333333333 0.840625 0.20208333333333334 0.21041666666666667
2 0.32916666666666666 0.80625 0.2604166666666667 0.25
2 0.2 0.421875 0.26666666666666666 0.34375
2 0.26458333333333334 0.6229166666666667 0.27291666666666664 0.31875
2 0.5489583333333333 0.6239583333333333 0.24166666666666667 0.2625
2 0.578125 0.7854166666666667 0.3541666666666667 0.2875
2 0.59375 0.9125 0.4083333333333333 0.175
2 0.809375 0.8625 0.27291666666666664 0.275
2 0.7510416666666667 0.565625 0.3 0.2833333333333333
2 0.8947916666666667 0.5479166666666667 0.21041666666666667 0.29583333333333334
2 0.7302083333333333 0.4354166666666667 0.30416666666666664 0.23125
2 0.4125 0.5979166666666667 0.24375 0.32083333333333336
