2 0.55 0.88125 0.26666666666666666 0.2375
2 0.4875 0.6760416666666667 0.26666666666666666 0.25416666666666665
2 0.37395833333333334 0.55625 0.24583333333333332 0.29583333333333334
2 0.22604166666666667 0.471875 0.2833333333333333 0.2791666666666667
2 0.15208333333333332 0.340625 0.30416666666666664 0.32083333333333336
2 0.06354166666666666 0.5552083333333333 0.12708333333333333 0.21875
2 0.07604166666666666 0.7666666666666667 0.15208333333333332 0.30416666666666664
2 0.16770833333333332 0.840625 0.33125 0.25
2 0.15208333333333332 0.6822916666666666 0.28125 0.25
2 0.3572916666666667 0.8104166666666667 0.30625 0.27291666666666664
2 0.425 0.052083333333333336 0.225 0.10416666666666667
2 0.4552083333333333 0.16666666666666666 0.21666666666666667 0.29791666666666666
2 0.5989583333333334 0.24479166666666666 0.2604166666666667 0.28541666666666665
2 0.5895833333333333 0.40208333333333335 0.22083333333333333 0.2125
2 0.6520833333333333 0.5260416666666666 0.15 0.15416666666666667
2 0.7520833333333333 0.7166666666666667 0.2875 0.24791666666666667
2 0.8458333333333333 0.49583333333333335 0.30833333333333335 0.24583333333333332
2 0.8645833333333334 0.23020833333333332 0.2708333333333333 0.28958333333333336
2 0.7604166666666666 0.10208333333333333 0.24791666666666667 0.15625
2 0.9625 0.3177083333333333 0.075 0.18958333333333333
2 0.9770833333333333 0.20208333333333334 0.04583333333333333 0.20416666666666666
