2 0.884375 0.8833333333333333 0.17708333333333334 0.23333333333333334
2 0.675 0.159375 0.33958333333333335 0.2520833333333333
2 0.21770833333333334 0.059375 0.28541666666666665 0.11875
2 0.35208333333333336 0.21458333333333332 0.27291666666666664 0.225
2 0.11666666666666667 0.175 0.18958333333333333 0.23125
2 0.09166666666666666 0.390625 0.18333333333333332 0.21875
2 0.2833333333333333 0.403125 0.29583333333333334 0.23541666666666666
2 0.44166666666666665 0.503125 0.19375 0.20416666666666666
2 0.6927083333333334 0.9333333333333333 0.21458333333333332 0.13333333333333333
2 0.5427083333333333 0.7916666666666666 0.27708333333333335 0.31666666666666665
2 0.08541666666666667 0.803125 0.17083333333333334 0.21041666666666667
2 0.15729166666666666 0.5979166666666667 0.3145833333333333 0.24166666666666667
2 0.871875 0.6375 0.25625 0.3541666666666667
2 0.6770833333333334 0.5552083333333333 0.29583333333333334 0.24583333333333332
2 0.890625 0.22916666666666666 0.21875 0.225
2 0.8260416666666667 0.39479166666666665 0.33541666666666664 0.21041666666666667
2 0.27708333333333335 0.875 0.2916666666666667 0.23333333333333334
