2 0.859375 0.6447916666666667 0.28125 0.32708333333333334
2 0.7604166666666666 0.4864583333333333 0.3645833333333333 0.2
2 0.6354166666666666 0.6583333333333333 0.26458333333333334 0.26875
2 0.5364583333333334 0.42916666666666664 0.23541666666666666 0.3145833333333333
2 0.89375 0.2947916666666667 0.2125 0.33541666666666664
2 0.7875 0.12291666666666666 0.2708333333333333 0.24583333333333332
2 0.15 0.11875 0.3 0.2375
2 0.5375 0.11770833333333333 0.26458333333333334 0.23541666666666666
2 0.32083333333333336 0.18125 0.26875 0.23958333333333334
2 0.12291666666666666 0.6010416666666667 0.24583333333333332 0.28541666666666665
2 0.05625 0.2989583333333333 0.1125 0.27708333333333335
2 0.26875 0.3729166666666667 0.31666666666666665 0.21041666666666667
2 0.3770833333333333 0.540625 0.30625 0.25625
2 0.33958333333333335 0.690625 0.27708333333333335 0.2520833333333333
2 0.6958333333333333 0.8802083333333334 0.20208333333333334 0.16041666666666668
2 0.24375 0.9125 0.2916666666666667 0.175
2 0.5166666666666667 0.9125 0.26666666666666666 0.17291666666666666
