2 0.13229166666666667 0.86875 0.23125 0.19375
2 0.07708333333333334 0.7385416666666667 0.15416666666666667 0.24791666666666667
2 0.121875 0.44375 0.24375 0.25833333333333336
2 0.13645833333333332 0.22916666666666666 0.19166666666666668 0.23958333333333334
2 0.24166666666666667 0.190625 0.19583333333333333 0.225
2 0.2864583333333333 0.035416666666666666 0.18125 0.07083333333333333
2 0.4270833333333333 0.1 0.2708333333333333 0.2
2 0.38958333333333334 0.23229166666666667 0.2125 0.22291666666666668
2 0.7677083333333333 0.11041666666666666 0.23958333333333334 0.18333333333333332
2 0.6447916666666667 0.07395833333333333 0.17083333333333334 0.1375
2 0.65625 0.221875 0.3104166666666667 0.2125
2 0.940625 0.27291666666666664 0.11875 0.2125
2 0.8739583333333333 0.21354166666666666 0.20833333333333334 0.21458333333333332
2 0.8677083333333333 0.42083333333333334 0.26458333333333334 0.2125
2 0.8822916666666667 0.5989583333333334 0.23541666666666666 0.26458333333333334
2 0.8989583333333333 0.7666666666666667 0.16458333333333333 0.225
2 0.55 0.47708333333333336 0.17291666666666666 0.16458333333333333
2 0.2833333333333333 0.4270833333333333 0.24375 0.2375
2 0.41041666666666665 0.4114583333333333 0.15416666666666667 0.15625
2 0.4354166666666667 0.5916666666666667 0.2520833333333333 0.29375
2 0.24166666666666667 0.6135416666666667 0.24583333333333332 0.25
2 0.309375 0.775 0.25416666666666665 0.22083333333333333
2 0.7333333333333333 0.7520833333333333 0.22708333333333333 0.23541666666666666
2 0.578125 0.7239583333333334 0.16458333333333333 0.20416666666666666
2 0.7864583333333334 0.9010416666666666 0.25625 0.19791666666666666
2 0.6354166666666666 0.903125 0.22916666666666666 0.19375
2 0.46979166666666666 0.8666666666666667 0.21458333333333332 0.26666666666666666
2 0.32708333333333334 0.8927083333333333 0.20208333333333334 0.19791666666666666
2 0.6302083333333334 0.5864583333333333 0.17708333333333334 0.15625
2 0.7239583333333334 0.5052083333333334 0.13541666666666666 0.17291666666666666
2 0.7354166666666667 0.4166666666666667 0.14791666666666667 0.15833333333333333
