2 0.9291666666666667 0.375 0.13958333333333334 0.18333333333333332
2 0.8979166666666667 0.24479166666666666 0.19375 0.18125
2 0.9104166666666667 0.06354166666666666 0.15 0.12708333333333333
2 0.790625 0.09375 0.17708333333333334 0.1875
2 0.9302083333333333 0.7125 0.13958333333333334 0.24583333333333332
2 0.8322916666666667 0.8958333333333334 0.20208333333333334 0.19375
2 0.4791666666666667 0.10625 0.22708333333333333 0.21041666666666667
2 0.303125 0.08958333333333333 0.17916666666666667 0.1625
2 0.175 0.08854166666666667 0.12708333333333333 0.12291666666666666
2 0.08333333333333333 0.11458333333333333 0.16666666666666666 0.20833333333333334
2 0.240625 0.23958333333333334 0.24166666666666667 0.21041666666666667
2 0.06041666666666667 0.31875 0.12083333333333333 0.22916666666666666
2 0.14791666666666667 0.35833333333333334 0.18125 0.13541666666666666
2 0.6854166666666667 0.296875 0.27708333333333335 0.2625
2 0.434375 0.32395833333333335 0.25625 0.22708333333333333
2 0.4635416666666667 0.21875 0.23333333333333334 0.175
2 0.6197916666666666 0.484375 0.21041666666666667 0.17708333333333334
2 0.49895833333333334 0.478125 0.14791666666666667 0.13541666666666666
2 0.290625 0.5208333333333334 0.27708333333333335 0.23333333333333334
2 0.09479166666666666 0.5145833333333333 0.18958333333333333 0.20416666666666666
2 0.746875 0.5604166666666667 0.20625 0.23958333333333334
2 0.6583333333333333 0.796875 0.14583333333333334 0.2375
2 0.5135416666666667 0.8104166666666667 0.24791666666666667 0.20833333333333334
2 0.48020833333333335 0.6135416666666667 0.23333333333333334 0.22708333333333333
2 0.28020833333333334 0.7197916666666667 0.19166666666666668 0.23125
2 0.12083333333333333 0.7270833333333333 0.17916666666666667 0.22708333333333333
2 0.16354166666666667 0.8833333333333333 0.20208333333333334 0.18541666666666667
2 0.121875 0.9458333333333333 0.21875 0.10833333333333334
2 0.40625 0.934375 0.25416666666666665 0.13125
2 0.3385416666666667 0.8197916666666667 0.20208333333333334 0.17083333333333334
