2 0.8229166666666666 0.9479166666666666 0.19166666666666668 0.10416666666666667
2 0.896875 0.653125 0.19583333333333333 0.2
2 0.684375 0.5614583333333333 0.2625 0.2375
2 0.85 0.38125 0.23958333333333334 0.21875
2 0.9354166666666667 0.28958333333333336 0.12916666666666668 0.21666666666666667
2 0.9385416666666667 0.125 0.12291666666666666 0.1625
2 0.640625 0.403125 0.24375 0.16666666666666666
2 0.775 0.18854166666666666 0.25625 0.29583333333333334
2 0.5260416666666666 0.30416666666666664 0.17083333333333334 0.14791666666666667
2 0.5104166666666666 0.16145833333333334 0.26458333333333334 0.18541666666666667
2 0.146875 0.16458333333333333 0.25416666666666665 0.3229166666666667
2 0.23541666666666666 0.378125 0.2708333333333333 0.28541666666666665
2 0.18229166666666666 0.565625 0.3104166666666667 0.2625
2 0.26666666666666666 0.771875 0.33125 0.29375
2 0.4354166666666667 0.9052083333333333 0.2708333333333333 0.18958333333333333
2 0.065625 0.85625 0.13125 0.2
2 0.18125 0.9104166666666667 0.27708333333333335 0.13958333333333334
