2 0.48333333333333334 0.5427083333333333 0.18125 0.15208333333333332
2 0.6125 0.928125 0.25833333333333336 0.14375
2 0.3572916666666667 0.7635416666666667 0.40625 0.3458333333333333
2 0.13229166666666667 0.734375 0.23125 0.2
2 0.14270833333333333 0.8729166666666667 0.22291666666666668 0.21458333333333332
2 0.2760416666666667 0.55 0.30416666666666664 0.25625
2 0.5833333333333334 0.30416666666666664 0.15208333333333332 0.13333333333333333
2 0.8354166666666667 0.725 0.25 0.19791666666666666
2 0.7458333333333333 0.31875 0.24583333333333332 0.26666666666666666
2 0.19583333333333333 0.15729166666666666 0.1375 0.11666666666666667
