2 0.18333333333333332 0.35520833333333335 0.14583333333333334 0.19166666666666668
2 0.05520833333333333 0.17916666666666667 0.11041666666666666 0.1875
2 0.18333333333333332 0.096875 0.16458333333333333 0.12083333333333333
2 0.13333333333333333 0.9333333333333333 0.14583333333333334 0.13333333333333333
2 0.26458333333333334 0.9697916666666667 0.2 0.06041666666666667
2 0.8489583333333334 0.84375 0.15208333333333332 0.17083333333333334
2 0.95 0.7739583333333333 0.1 0.21041666666666667
2 0.0625 0.6260416666666667 0.125 0.25625
2 0.28854166666666664 0.8635416666666667 0.26458333333333334 0.27291666666666664
2 0.12708333333333333 0.8229166666666666 0.18125 0.20208333333333334
2 0.20833333333333334 0.6666666666666666 0.29791666666666666 0.2625
2 0.5072916666666667 0.93125 0.17708333333333334 0.1375
2 0.4510416666666667 0.8541666666666666 0.20625 0.2
2 0.65 0.878125 0.23958333333333334 0.23541666666666666
2 0.8895833333333333 0.6427083333333333 0.22083333333333333 0.18958333333333333
2 0.5229166666666667 0.6729166666666667 0.23333333333333334 0.2125
2 0.73125 0.70625 0.2916666666666667 0.26875
2 0.3375 0.39791666666666664 0.22708333333333333 0.17708333333333334
2 0.3802083333333333 0.08020833333333334 0.23541666666666666 0.16041666666666668
2 0.5458333333333333 0.07083333333333333 0.17916666666666667 0.14166666666666666
2 0.4875 0.19375 0.2125 0.23125
2 0.4427083333333333 0.534375 0.31875 0.29375
2 0.575 0.3854166666666667 0.2604166666666667 0.25833333333333336
2 0.6770833333333334 0.21354166666666666 0.21666666666666667 0.22916666666666666
2 0.8364583333333333 0.128125 0.24375 0.25625
2 0.775 0.29583333333333334 0.21875 0.19583333333333333
2 0.7625 0.503125 0.28958333333333336 0.22708333333333333
2 0.9041666666666667 0.3625 0.19166666666666668 0.32083333333333336
