2 0.240625 0.41770833333333335 0.30625 0.27291666666666664
2 0.084375 0.4166666666666667 0.16875 0.2708333333333333
2 0.07916666666666666 0.6854166666666667 0.15833333333333333 0.20833333333333334
2 0.090625 0.8125 0.18125 0.22916666666666666
2 0.16770833333333332 0.8739583333333333 0.16666666666666666 0.14583333333333334
2 0.4010416666666667 0.86875 0.27708333333333335 0.2625
2 0.59375 0.9239583333333333 0.2 0.15208333333333332
2 0.7625 0.9239583333333333 0.25416666666666665 0.15208333333333332
2 0.4625 0.5739583333333333 0.25625 0.22708333333333333
2 0.5802083333333333 0.47708333333333336 0.23958333333333334 0.19791666666666666
2 0.6135416666666667 0.603125 0.16875 0.175
2 0.4114583333333333 0.30833333333333335 0.20833333333333334 0.17708333333333334
2 0.5739583333333333 0.30625 0.27708333333333335 0.24791666666666667
2 0.3104166666666667 0.175 0.27708333333333335 0.275
2 0.565625 0.12708333333333333 0.28541666666666665 0.24791666666666667
2 0.7072916666666667 0.09895833333333333 0.20833333333333334 0.16458333333333333
2 0.8614583333333333 0.12083333333333333 0.18958333333333333 0.13958333333333334
2 0.9510416666666667 0.16354166666666667 0.09791666666666667 0.15208333333333332
2 0.8791666666666667 0.24791666666666667 0.22291666666666668 0.21666666666666667
2 0.9229166666666667 0.34270833333333334 0.15416666666666667 0.20208333333333334
2 0.7229166666666667 0.784375 0.2520833333333333 0.2125
2 0.8270833333333333 0.6583333333333333 0.27708333333333335 0.2833333333333333
2 0.7645833333333333 0.434375 0.20416666666666666 0.19791666666666666
2 0.9072916666666667 0.47708333333333336 0.18541666666666667 0.19583333333333333
