2 0.6958333333333333 0.18645833333333334 0.3104166666666667 0.29583333333333334
2 0.878125 0.28020833333333334 0.24375 0.3145833333333333
2 0.8625 0.8229166666666666 0.20833333333333334 0.2
2 0.090625 0.78125 0.15 0.19166666666666668
2 0.19375 0.715625 0.25833333333333336 0.24166666666666667
2 0.28125 0.803125 0.15 0.1625
2 0.384375 0.8604166666666667 0.22916666666666666 0.24375
2 0.5989583333333334 0.878125 0.24375 0.24375
2 0.49583333333333335 0.6510416666666666 0.30416666666666664 0.30833333333333335
2 0.08125 0.46770833333333334 0.1625 0.24375
2 0.19270833333333334 0.45625 0.2 0.2791666666666667
2 0.4114583333333333 0.5114583333333333 0.25416666666666665 0.25
2 0.46145833333333336 0.26145833333333335 0.31875 0.3854166666666667
2 0.28229166666666666 0.051041666666666666 0.2604166666666667 0.10208333333333333
2 0.296875 0.16666666666666666 0.2520833333333333 0.2375
2 0.1125 0.16145833333333334 0.1625 0.24375
2 0.12083333333333333 0.2916666666666667 0.21041666666666667 0.19583333333333333
2 0.7791666666666667 0.6354166666666666 0.14166666666666666 0.10833333333333334
2 0.771875 0.43854166666666666 0.11041666666666666 0.08541666666666667
2 0.6760416666666667 0.353125 0.1625 0.1125
2 0.9177083333333333 0.13125 0.16458333333333333 0.1625
2 0.8979166666666667 0.5645833333333333 0.18958333333333333 0.31875
