2 0.771875 0.5208333333333334 0.3 0.26458333333333334
2 0.915625 0.5822916666666667 0.16875 0.26875
2 0.8458333333333333 0.8395833333333333 0.21041666666666667 0.20208333333333334
2 0.771875 0.9177083333333333 0.19791666666666666 0.16458333333333333
2 0.6677083333333333 0.95 0.16458333333333333 0.1
2 0.4479166666666667 0.875 0.2708333333333333 0.25
2 0.24375 0.8791666666666667 0.19375 0.19166666666666668
2 0.10416666666666667 0.8270833333333333 0.20833333333333334 0.21666666666666667
2 0.5072916666666667 0.5822916666666667 0.25 0.22083333333333333
2 0.434375 0.4479166666666667 0.23541666666666666 0.19166666666666668
2 0.35520833333333335 0.553125 0.16458333333333333 0.17083333333333334
2 0.6541666666666667 0.35625 0.20416666666666666 0.17291666666666666
2 0.5041666666666667 0.29270833333333335 0.2708333333333333 0.23958333333333334
2 0.7979166666666667 0.26979166666666665 0.2708333333333333 0.26875
2 0.578125 0.12916666666666668 0.2791666666666667 0.24166666666666667
2 0.45416666666666666 0.06458333333333334 0.20416666666666666 0.12916666666666668
2 0.30625 0.03958333333333333 0.1875 0.07916666666666666
2 0.17395833333333333 0.03958333333333333 0.16458333333333333 0.07916666666666666
2 0.24270833333333333 0.12395833333333334 0.21666666666666667 0.2125
2 0.13854166666666667 0.18541666666666667 0.20625 0.19791666666666666
2 0.1875 0.6802083333333333 0.24791666666666667 0.20625
2 0.1375 0.5239583333333333 0.26875 0.27708333333333335
2 0.2791666666666667 0.340625 0.2 0.19375
2 0.13125 0.3260416666666667 0.18125 0.19166666666666668
