2 0.14583333333333334 0.15416666666666667 0.21666666666666667 0.30833333333333335
2 0.11770833333333333 0.40208333333333335 0.22708333333333333 0.24583333333333332
2 0.10833333333333334 0.73125 0.21666666666666667 0.3875
2 0.22083333333333333 0.5114583333333333 0.29583333333333334 0.3645833333333333
2 0.24791666666666667 0.8270833333333333 0.17708333333333334 0.2375
2 0.396875 0.8645833333333334 0.3770833333333333 0.2708333333333333
2 0.315625 0.6010416666666667 0.2833333333333333 0.3541666666666667
2 0.29583333333333334 0.11041666666666666 0.36666666666666664 0.22083333333333333
2 0.32708333333333334 0.30416666666666664 0.3375 0.33125
2 0.646875 0.17291666666666666 0.36875 0.3458333333333333
2 0.8583333333333333 0.24270833333333333 0.2833333333333333 0.30625
2 0.5125 0.375 0.34375 0.36666666666666664
2 0.6885416666666667 0.39791666666666664 0.2708333333333333 0.2916666666666667
2 0.8833333333333333 0.40625 0.23333333333333334 0.2833333333333333
2 0.7989583333333333 0.5447916666666667 0.25625 0.23333333333333334
2 0.5010416666666667 0.6802083333333333 0.3541666666666667 0.3729166666666667
2 0.6427083333333333 0.8604166666666667 0.32708333333333334 0.2791666666666667
2 0.6854166666666667 0.66875 0.2625 0.28541666666666665
2 0.8770833333333333 0.6916666666666667 0.22708333333333333 0.2708333333333333
