2 0.24270833333333333 0.85 0.35625 0.3
2 0.22291666666666668 0.6760416666666667 0.33125 0.21666666666666667
2 0.15625 0.45208333333333334 0.3125 0.325
2 0.140625 0.278125 0.28125 0.35625
2 0.278125 0.17083333333333334 0.3375 0.29375
2 0.3072916666666667 0.509375 0.23333333333333334 0.25
2 0.3729166666666667 0.9479166666666666 0.1875 0.10416666666666667
2 0.9166666666666666 0.759375 0.16666666666666666 0.33125
2 0.8395833333333333 0.83125 0.32083333333333336 0.325
2 0.6697916666666667 0.8958333333333334 0.19375 0.20416666666666666
2 0.5010416666666667 0.853125 0.24166666666666667 0.25625
2 0.6489583333333333 0.7427083333333333 0.3458333333333333 0.35
2 0.846875 0.51875 0.30625 0.36666666666666664
2 0.8614583333333333 0.24270833333333333 0.2708333333333333 0.2875
2 0.5822916666666667 0.15104166666666666 0.29375 0.3020833333333333
2 0.41770833333333335 0.703125 0.23125 0.24583333333333332
2 0.6135416666666667 0.5520833333333334 0.33958333333333335 0.30833333333333335
2 0.5416666666666666 0.3885416666666667 0.31666666666666665 0.2791666666666667
2 0.796875 0.07708333333333334 0.28541666666666665 0.15416666666666667
