2 0.18958333333333333 0.12708333333333333 0.2833333333333333 0.25416666666666665
2 0.10104166666666667 0.325 0.20208333333333334 0.3333333333333333
2 0.052083333333333336 0.6375 0.10416666666666667 0.3416666666666667
2 0.13645833333333332 0.8729166666666667 0.27291666666666664 0.17916666666666667
2 0.13958333333333334 0.6625 0.2791666666666667 0.36666666666666664
2 0.4 0.9052083333333333 0.2791666666666667 0.18958333333333333
2 0.6416666666666667 0.8989583333333333 0.3416666666666667 0.20208333333333334
2 0.83125 0.7947916666666667 0.29375 0.3375
2 0.27395833333333336 0.6989583333333333 0.27708333333333335 0.31875
2 0.45208333333333334 0.7458333333333333 0.28541666666666665 0.275
2 0.625 0.7697916666666667 0.2833333333333333 0.23958333333333334
2 0.74375 0.6166666666666667 0.22708333333333333 0.26666666666666666
2 0.859375 0.5333333333333333 0.28125 0.3125
2 0.840625 0.271875 0.31875 0.33541666666666664
2 0.6375 0.11145833333333334 0.32916666666666666 0.22291666666666668
2 0.25416666666666665 0.46458333333333335 0.33541666666666664 0.30625
2 0.5135416666666667 0.5177083333333333 0.36041666666666666 0.3104166666666667
2 0.5989583333333334 0.32083333333333336 0.33541666666666664 0.32708333333333334
2 0.34791666666666665 0.275 0.3416666666666667 0.32708333333333334
2 0.3770833333333333 0.09270833333333334 0.35 0.18541666666666667
