2 0.38645833333333335 0.08541666666666667 0.11666666666666667 0.1375
2 0.5885416666666666 0.09375 0.28125 0.1875
2 0.38645833333333335 0.16875 0.18958333333333333 0.1625
2 0.846875 0.12604166666666666 0.2833333333333333 0.19791666666666666
2 0.9270833333333334 0.3958333333333333 0.14583333333333334 0.26666666666666666
2 0.7375 0.2677083333333333 0.2625 0.23125
2 0.5354166666666667 0.2375 0.25 0.20833333333333334
2 0.253125 0.27291666666666664 0.16041666666666668 0.18125
2 0.11979166666666667 0.27395833333333336 0.20208333333333334 0.17916666666666667
2 0.10625 0.41875 0.2125 0.25833333333333336
2 0.06145833333333333 0.6208333333333333 0.12291666666666666 0.2625
2 0.11875 0.853125 0.2375 0.22291666666666668
2 0.296875 0.7833333333333333 0.21666666666666667 0.23333333333333334
2 0.17395833333333333 0.6458333333333334 0.20416666666666666 0.26458333333333334
2 0.49166666666666664 0.9041666666666667 0.2708333333333333 0.19166666666666668
2 0.5677083333333334 0.8364583333333333 0.26458333333333334 0.20208333333333334
2 0.7427083333333333 0.9041666666666667 0.20416666666666666 0.16666666666666666
2 0.7875 0.7729166666666667 0.225 0.24375
2 0.91875 0.7760416666666666 0.12916666666666668 0.27708333333333335
2 0.803125 0.6166666666666667 0.24375 0.23125
2 0.7802083333333333 0.39791666666666664 0.2791666666666667 0.2708333333333333
2 0.5520833333333334 0.64375 0.25416666666666665 0.20416666666666666
2 0.3958333333333333 0.6822916666666666 0.20833333333333334 0.22291666666666668
2 0.575 0.534375 0.2375 0.25
2 0.571875 0.34270833333333334 0.25 0.2
2 0.39479166666666665 0.3302083333333333 0.23333333333333334 0.22916666666666666
2 0.23229166666666667 0.4739583333333333 0.21666666666666667 0.24166666666666667
2 0.4322916666666667 0.5260416666666666 0.22708333333333333 0.20208333333333334
