2 0.9052083333333333 0.9302083333333333 0.17708333333333334 0.13958333333333334
2 0.8802083333333334 0.31666666666666665 0.23333333333333334 0.22708333333333333
2 0.7822916666666667 0.109375 0.2791666666666667 0.2125
2 0.7010416666666667 0.22604166666666667 0.1625 0.17916666666666667
2 0.7291666666666666 0.4552083333333333 0.22916666666666666 0.23541666666666666
2 0.5854166666666667 0.35833333333333334 0.21041666666666667 0.25833333333333336
2 0.5041666666666667 0.11354166666666667 0.2875 0.22708333333333333
2 0.10104166666666667 0.14270833333333333 0.19375 0.21041666666666667
2 0.07291666666666667 0.3020833333333333 0.14375 0.2
2 0.32916666666666666 0.30625 0.25 0.24583333333333332
2 0.16979166666666667 0.48333333333333334 0.17708333333333334 0.18333333333333332
2 0.2708333333333333 0.9416666666666667 0.19166666666666668 0.1125
2 0.4166666666666667 0.5760416666666667 0.2375 0.21875
2 0.5177083333333333 0.76875 0.17708333333333334 0.18333333333333332
2 0.328125 0.7291666666666666 0.20208333333333334 0.22916666666666666
2 0.09791666666666667 0.76875 0.19583333333333333 0.22083333333333333
2 0.26666666666666666 0.8489583333333334 0.2125 0.14583333333333334
