2 0.859375 0.8 0.26875 0.25625
2 0.9333333333333333 0.5677083333333334 0.13333333333333333 0.26458333333333334
2 0.9166666666666666 0.265625 0.16666666666666666 0.3145833333333333
2 0.921875 0.41041666666666665 0.15625 0.15
2 0.8052083333333333 0.48541666666666666 0.2125 0.23125
2 0.7708333333333334 0.20833333333333334 0.23541666666666666 0.175
2 0.6520833333333333 0.115625 0.26458333333333334 0.22916666666666666
2 0.6864583333333333 0.33541666666666664 0.22083333333333333 0.15833333333333333
2 0.7947916666666667 0.9354166666666667 0.19791666666666666 0.12916666666666668
2 0.634375 0.8958333333333334 0.24375 0.20833333333333334
2 0.46979166666666666 0.9145833333333333 0.23958333333333334 0.17083333333333334
2 0.084375 0.85 0.16875 0.2708333333333333
2 0.496875 0.16666666666666666 0.3145833333333333 0.2708333333333333
2 0.421875 0.06666666666666667 0.24375 0.13333333333333333
2 0.12708333333333333 0.071875 0.23333333333333334 0.14375
2 0.3729166666666667 0.28125 0.17916666666666667 0.19166666666666668
2 0.25625 0.19270833333333334 0.19583333333333333 0.24583333333333332
2 0.1 0.259375 0.19166666666666668 0.24583333333333332
2 0.40208333333333335 0.39791666666666664 0.2625 0.26666666666666666
2 0.33645833333333336 0.6083333333333333 0.19583333333333333 0.20416666666666666
2 0.221875 0.46979166666666666 0.21458333333333332 0.34375
2 0.06354166666666666 0.4895833333333333 0.12708333333333333 0.275
2 0.07395833333333333 0.6614583333333334 0.14791666666666667 0.13958333333333334
2 0.38125 0.8541666666666666 0.15625 0.21458333333333332
2 0.20729166666666668 0.7979166666666667 0.3125 0.2875
2 0.6927083333333334 0.6541666666666667 0.23333333333333334 0.3020833333333333
2 0.47708333333333336 0.653125 0.30416666666666664 0.3416666666666667
2 0.728125 0.5447916666666667 0.2 0.22916666666666666
