2 0.8802083333333334 0.10625 0.19791666666666666 0.2125
2 0.7166666666666667 0.08645833333333333 0.20833333333333334 0.17291666666666666
2 0.5791666666666667 0.075 0.20416666666666666 0.15
2 0.7677083333333333 0.28541666666666665 0.24166666666666667 0.28541666666666665
2 0.9322916666666666 0.459375 0.13541666666666666 0.16041666666666668
2 0.8822916666666667 0.38333333333333336 0.17083333333333334 0.19583333333333333
2 0.865625 0.9114583333333334 0.20208333333333334 0.13958333333333334
2 0.8666666666666667 0.665625 0.23541666666666666 0.24166666666666667
2 0.665625 0.45729166666666665 0.2625 0.18958333333333333
2 0.49895833333333334 0.48541666666666666 0.18541666666666667 0.2125
2 0.596875 0.2916666666666667 0.16875 0.27708333333333335
2 0.44895833333333335 0.21666666666666667 0.18541666666666667 0.27291666666666664
2 0.06145833333333333 0.17083333333333334 0.12291666666666666 0.2875
2 0.35833333333333334 0.13541666666666666 0.19583333333333333 0.26458333333333334
2 0.203125 0.10104166666666667 0.19375 0.175
2 0.265625 0.315625 0.21458333333333332 0.25833333333333336
2 0.08854166666666667 0.7552083333333334 0.15833333333333333 0.22083333333333333
2 0.7677083333333333 0.85625 0.24791666666666667 0.26666666666666666
2 0.275 0.6729166666666667 0.29791666666666666 0.32708333333333334
2 0.05520833333333333 0.459375 0.11041666666666666 0.14791666666666667
2 0.10833333333333334 0.528125 0.21666666666666667 0.30625
2 0.052083333333333336 0.31145833333333334 0.10416666666666667 0.16041666666666668
2 0.4791666666666667 0.6833333333333333 0.2 0.25625
2 0.42916666666666664 0.8729166666666667 0.30416666666666664 0.25416666666666665
2 0.26458333333333334 0.9072916666666667 0.18333333333333332 0.18541666666666667
2 0.125 0.9041666666666667 0.20833333333333334 0.19166666666666668
2 0.6291666666666667 0.9510416666666667 0.22708333333333333 0.09583333333333334
2 0.590625 0.871875 0.13958333333333334 0.16458333333333333
2 0.665625 0.6302083333333334 0.19583333333333333 0.19375
2 0.3 0.4708333333333333 0.1875 0.20416666666666666
