2 0.9604166666666667 0.21041666666666667 0.07916666666666666 0.23333333333333334
2 0.9427083333333334 0.43020833333333336 0.11458333333333333 0.24791666666666667
2 0.8072916666666666 0.9427083333333334 0.21458333333333332 0.11458333333333333
2 0.6395833333333333 0.90625 0.26666666666666666 0.1875
2 0.7947916666666667 0.8364583333333333 0.2791666666666667 0.2625
2 0.65 0.7572916666666667 0.2875 0.3020833333333333
2 0.8885416666666667 0.6364583333333333 0.21875 0.22708333333333333
2 0.7104166666666667 0.528125 0.4375 0.31666666666666665
2 0.85 0.41354166666666664 0.2520833333333333 0.26875
2 0.8760416666666667 0.20833333333333334 0.24791666666666667 0.2375
2 0.7604166666666666 0.20104166666666667 0.33125 0.28958333333333336
2 0.575 0.28020833333333334 0.3229166666666667 0.32708333333333334
2 0.4479166666666667 0.8239583333333333 0.22708333333333333 0.26666666666666666
2 0.4583333333333333 0.6145833333333334 0.2604166666666667 0.32708333333333334
2 0.29791666666666666 0.071875 0.30833333333333335 0.14375
2 0.5604166666666667 0.084375 0.22083333333333333 0.16875
2 0.26666666666666666 0.5864583333333333 0.45 0.3958333333333333
2 0.35833333333333334 0.3729166666666667 0.3333333333333333 0.2875
2 0.4010416666666667 0.21145833333333333 0.29791666666666666 0.20416666666666666
2 0.19375 0.15833333333333333 0.30416666666666664 0.31666666666666665
2 0.12083333333333333 0.35520833333333335 0.24166666666666667 0.32708333333333334
2 0.28541666666666665 0.85625 0.18541666666666667 0.17916666666666667
2 0.10104166666666667 0.7708333333333334 0.18125 0.16666666666666666
2 0.08229166666666667 0.6208333333333333 0.16458333333333333 0.2375
