2 0.2375 0.4947916666666667 0.35625 0.3229166666666667
2 0.27291666666666664 0.26458333333333334 0.35625 0.3229166666666667
2 0.478125 0.3229166666666667 0.25 0.25625
2 0.5416666666666666 0.1625 0.31666666666666665 0.25833333333333336
2 0.78125 0.6104166666666667 0.2875 0.3104166666666667
2 0.5958333333333333 0.6177083333333333 0.22708333333333333 0.29375
2 0.7625 0.409375 0.28125 0.28958333333333336
2 0.8520833333333333 0.26875 0.27708333333333335 0.26875
2 0.8854166666666666 0.4895833333333333 0.22916666666666666 0.25
2 0.8864583333333333 0.12395833333333334 0.175 0.23541666666666666
2 0.6177083333333333 0.39166666666666666 0.2708333333333333 0.2708333333333333
2 0.634375 0.096875 0.3020833333333333 0.19375
