2 0.48020833333333335 0.5177083333333333 0.25625 0.2520833333333333
2 0.5677083333333334 0.74375 0.11875 0.12083333333333333
2 0.35 0.640625 0.22708333333333333 0.19791666666666666
2 0.36354166666666665 0.7416666666666667 0.18125 0.16458333333333333
2 0.178125 0.8697916666666666 0.26875 0.18958333333333333
2 0.35833333333333334 0.9375 0.21458333333333332 0.125
2 0.23020833333333332 0.7520833333333333 0.2125 0.23333333333333334
2 0.38229166666666664 0.45416666666666666 0.24166666666666667 0.22291666666666668
2 0.278125 0.47291666666666665 0.19375 0.23958333333333334
2 0.1 0.621875 0.19375 0.24791666666666667
2 0.071875 0.478125 0.14375 0.18541666666666667
2 0.15208333333333332 0.328125 0.2125 0.22291666666666668
2 0.35833333333333334 0.21666666666666667 0.22916666666666666 0.19166666666666668
2 0.7458333333333333 0.19791666666666666 0.13958333333333334 0.13125
2 0.5166666666666667 0.16875 0.23958333333333334 0.2
2 0.40729166666666666 0.06875 0.22291666666666668 0.1375
2 0.26666666666666666 0.071875 0.2125 0.14375
2 0.178125 0.07604166666666666 0.21875 0.15208333333333332
2 0.16354166666666667 0.21979166666666666 0.225 0.20625
2 0.6270833333333333 0.6447916666666667 0.125 0.10416666666666667
