2 0.9114583333333334 0.12291666666666666 0.16041666666666668 0.24583333333333332
2 0.7875 0.175 0.25833333333333336 0.30833333333333335
2 0.5416666666666666 0.13958333333333334 0.3333333333333333 0.26458333333333334
2 0.390625 0.25416666666666665 0.3125 0.3125
2 0.16770833333333332 0.15520833333333334 0.32916666666666666 0.29791666666666666
2 0.115625 0.3385416666666667 0.23125 0.26458333333333334
2 0.3958333333333333 0.4875 0.3229166666666667 0.29583333333333334
2 0.9354166666666667 0.41041666666666665 0.12916666666666668 0.2625
2 0.8697916666666666 0.5479166666666667 0.2604166666666667 0.3
2 0.6864583333333333 0.525 0.2625 0.34375
2 0.8604166666666667 0.7979166666666667 0.2791666666666667 0.3333333333333333
2 0.14583333333333334 0.5541666666666667 0.2916666666666667 0.275
2 0.10520833333333333 0.69375 0.20833333333333334 0.2875
2 0.109375 0.9114583333333334 0.19791666666666666 0.17708333333333334
2 0.209375 0.8395833333333333 0.24375 0.26458333333333334
2 0.46979166666666666 0.6333333333333333 0.2875 0.19375
2 0.696875 0.8645833333333334 0.2791666666666667 0.2625
2 0.60625 0.8197916666666667 0.2 0.24166666666666667
2 0.4270833333333333 0.7927083333333333 0.25416666666666665 0.28541666666666665
2 0.35104166666666664 0.915625 0.25625 0.16875
