2 0.18854166666666666 0.4479166666666667 0.20625 0.20416666666666666
2 0.40520833333333334 0.3125 0.19583333333333333 0.275
2 0.47291666666666665 0.10833333333333334 0.21458333333333332 0.18333333333333332
2 0.23125 0.13541666666666666 0.18541666666666667 0.16041666666666668
2 0.08854166666666667 0.5052083333333334 0.14583333333333334 0.15416666666666667
2 0.13125 0.6239583333333333 0.20416666666666666 0.17708333333333334
2 0.11666666666666667 0.8708333333333333 0.23333333333333334 0.22291666666666668
2 0.23541666666666666 0.7958333333333333 0.21666666666666667 0.225
2 0.06354166666666666 0.7479166666666667 0.12708333333333333 0.225
2 0.06875 0.2635416666666667 0.12708333333333333 0.175
