2 0.621875 0.07083333333333333 0.24791666666666667 0.14166666666666666
2 0.834375 0.11458333333333333 0.21458333333333332 0.22916666666666666
2 0.7166666666666667 0.1625 0.21666666666666667 0.1875
2 0.934375 0.6760416666666667 0.13125 0.23958333333333334
2 0.8895833333333333 0.5 0.22083333333333333 0.25833333333333336
2 0.8958333333333334 0.85625 0.20833333333333334 0.16666666666666666
2 0.7583333333333333 0.7427083333333333 0.25416666666666665 0.29791666666666666
2 0.584375 0.8260416666666667 0.26458333333333334 0.2875
2 0.465625 0.7739583333333333 0.2604166666666667 0.2604166666666667
2 0.178125 0.8083333333333333 0.2708333333333333 0.24583333333333332
2 0.16875 0.6072916666666667 0.25625 0.28125
2 0.07083333333333333 0.6385416666666667 0.14166666666666666 0.25625
2 0.3333333333333333 0.571875 0.275 0.26875
2 0.1 0.45625 0.2 0.2708333333333333
2 0.11145833333333334 0.2625 0.22291666666666668 0.22083333333333333
2 0.05416666666666667 0.190625 0.10833333333333334 0.21041666666666667
2 0.17916666666666667 0.14166666666666666 0.2604166666666667 0.20416666666666666
2 0.396875 0.08958333333333333 0.23125 0.17916666666666667
2 0.51875 0.49166666666666664 0.26458333333333334 0.2875
2 0.49583333333333335 0.25104166666666666 0.30625 0.2791666666666667
2 0.26875 0.33541666666666664 0.3145833333333333 0.3145833333333333
2 0.7135416666666666 0.44375 0.25416666666666665 0.24583333333333332
2 0.8104166666666667 0.2760416666666667 0.3375 0.2833333333333333
