2 0.40520833333333334 0.2552083333333333 0.47291666666666665 0.48541666666666666
2 0.31979166666666664 0.07291666666666667 0.3645833333333333 0.14583333333333334
2 0.6427083333333333 0.19583333333333333 0.36041666666666666 0.3541666666666667
2 0.16770833333333332 0.440625 0.33541666666666664 0.3770833333333333
2 0.18229166666666666 0.22708333333333333 0.3229166666666667 0.3333333333333333
2 0.9072916666666667 0.2552083333333333 0.18541666666666667 0.29375
2 0.8614583333333333 0.465625 0.27708333333333335 0.3729166666666667
2 0.7291666666666666 0.41458333333333336 0.44583333333333336 0.37083333333333335
2 0.8614583333333333 0.7291666666666666 0.25833333333333336 0.35
2 0.5229166666666667 0.6041666666666666 0.4041666666666667 0.3958333333333333
2 0.19375 0.6645833333333333 0.3875 0.35833333333333334
2 0.4864583333333333 0.8333333333333334 0.38125 0.3125
2 0.7979166666666667 0.8760416666666667 0.30416666666666664 0.24791666666666667
