2 0.6114583333333333 0.2625 0.4479166666666667 0.4625
2 0.709375 0.07395833333333333 0.35625 0.14791666666666667
2 0.37916666666666665 0.18645833333333334 0.3416666666666667 0.33541666666666664
2 0.8385416666666666 0.4635416666666667 0.3229166666666667 0.36041666666666666
2 0.8354166666666667 0.25 0.30625 0.31666666666666665
2 0.09791666666666667 0.22604166666666667 0.19583333333333333 0.28125
2 0.134375 0.4395833333333333 0.26875 0.35833333333333334
2 0.27708333333333335 0.39895833333333336 0.43125 0.34791666666666665
2 0.12291666666666666 0.7020833333333333 0.23958333333333334 0.33958333333333335
2 0.46979166666666666 0.603125 0.38333333333333336 0.3770833333333333
2 0.8041666666666667 0.6864583333333333 0.39166666666666666 0.33541666666666664
2 0.490625 0.8333333333333334 0.36666666666666664 0.29375
2 0.17291666666666666 0.86875 0.2875 0.2625
