2 0.5479166666666667 0.34479166666666666 0.21458333333333332 0.2125
2 0.44583333333333336 0.28020833333333334 0.17916666666666667 0.20416666666666666
2 0.3802083333333333 0.13125 0.28541666666666665 0.2625
2 0.26145833333333335 0.36666666666666664 0.27708333333333335 0.3020833333333333
2 0.27708333333333335 0.5520833333333334 0.2791666666666667 0.3145833333333333
2 0.09791666666666667 0.4 0.19583333333333333 0.275
2 0.790625 0.109375 0.30625 0.21875
2 0.7541666666666667 0.384375 0.18958333333333333 0.1625
2 0.8010416666666667 0.30416666666666664 0.34791666666666665 0.34375
2 0.921875 0.6604166666666667 0.15625 0.2375
2 0.49270833333333336 0.528125 0.23125 0.25833333333333336
2 0.12604166666666666 0.8291666666666667 0.20208333333333334 0.3416666666666667
2 0.31354166666666666 0.946875 0.27708333333333335 0.10625
2 0.221875 0.7010416666666667 0.22916666666666666 0.275
2 0.575 0.76875 0.26458333333333334 0.25
2 0.628125 0.890625 0.26458333333333334 0.21875
2 0.9364583333333333 0.8302083333333333 0.12708333333333333 0.21041666666666667
2 0.38125 0.775 0.23541666666666666 0.22708333333333333
2 0.7979166666666667 0.634375 0.29375 0.33125
2 0.6458333333333334 0.54375 0.40625 0.39375
2 0.7375 0.7760416666666666 0.2875 0.21875
2 0.5552083333333333 0.07395833333333333 0.28541666666666665 0.14791666666666667
2 0.042708333333333334 0.19375 0.08541666666666667 0.24583333333333332
