2 0.790625 0.5958333333333333 0.4 0.4125
2 0.4322916666666667 0.828125 0.3854166666666667 0.34375
2 0.784375 0.8822916666666667 0.3104166666666667 0.23541666666666666
2 0.8427083333333333 0.3177083333333333 0.3145833333333333 0.34791666666666665
2 0.9166666666666666 0.18958333333333333 0.16666666666666666 0.23333333333333334
2 0.40520833333333334 0.12291666666666666 0.3645833333333333 0.24583333333333332
2 0.203125 0.04895833333333333 0.22708333333333333 0.09791666666666667
2 0.18645833333333334 0.25416666666666665 0.3541666666666667 0.42291666666666666
2 0.453125 0.246875 0.35 0.3416666666666667
2 0.5927083333333333 0.5145833333333333 0.2875 0.2833333333333333
2 0.36770833333333336 0.484375 0.35208333333333336 0.28125
2 0.35520833333333335 0.3302083333333333 0.27708333333333335 0.26875
2 0.25729166666666664 0.6322916666666667 0.36041666666666666 0.3541666666666667
2 0.13125 0.6739583333333333 0.2625 0.26458333333333334
2 0.08854166666666667 0.7802083333333333 0.17708333333333334 0.28958333333333336
