2 0.9052083333333333 0.73125 0.18958333333333333 0.24166666666666667
2 0.9020833333333333 0.59375 0.19583333333333333 0.16666666666666666
2 0.8364583333333333 0.3385416666666667 0.32708333333333334 0.34791666666666665
2 0.7395833333333334 0.4552083333333333 0.3375 0.4083333333333333
2 0.5135416666666667 0.4552083333333333 0.28541666666666665 0.25833333333333336
2 0.17083333333333334 0.35104166666666664 0.3145833333333333 0.30416666666666664
2 0.109375 0.41354166666666664 0.21875 0.2520833333333333
2 0.065625 0.3645833333333333 0.13125 0.22916666666666666
2 0.06354166666666666 0.15625 0.12708333333333333 0.1875
2 0.3125 0.20729166666666668 0.29583333333333334 0.23541666666666666
2 0.41354166666666664 0.228125 0.26458333333333334 0.3
2 0.68125 0.15625 0.3625 0.3125
2 0.48541666666666666 0.08229166666666667 0.35833333333333334 0.16458333333333333
2 0.23645833333333333 0.075 0.31875 0.125
2 0.9114583333333334 0.271875 0.13125 0.14583333333333334
2 0.8604166666666667 0.096875 0.17916666666666667 0.19375
