2 0.8291666666666667 0.7052083333333333 0.3333333333333333 0.37083333333333335
2 0.759375 0.53125 0.39375 0.2604166666666667
2 0.6052083333333333 0.6791666666666667 0.30833333333333335 0.3104166666666667
2 0.5479166666666667 0.43645833333333334 0.28541666666666665 0.35
2 0.89375 0.365625 0.2125 0.36875
2 0.846875 0.178125 0.30625 0.28958333333333336
2 0.22083333333333333 0.103125 0.3375 0.20625
2 0.6020833333333333 0.134375 0.3 0.26875
2 0.37916666666666665 0.15520833333333334 0.30625 0.2833333333333333
2 0.128125 0.534375 0.25625 0.3229166666666667
2 0.09791666666666667 0.225 0.15833333333333333 0.2916666666666667
2 0.2947916666666667 0.334375 0.34791666666666665 0.2625
2 0.371875 0.51875 0.3458333333333333 0.30625
2 0.30833333333333335 0.6604166666666667 0.3145833333333333 0.29583333333333334
2 0.6260416666666667 0.9052083333333333 0.22708333333333333 0.18958333333333333
2 0.17604166666666668 0.8614583333333333 0.31666666666666665 0.22291666666666668
2 0.44375 0.9 0.2916666666666667 0.2
