2 0.3145833333333333 0.11979166666666667 0.24166666666666667 0.23333333333333334
2 0.8291666666666667 0.375 0.3416666666666667 0.3458333333333333
2 0.74375 0.18020833333333333 0.25 0.2520833333333333
2 0.55 0.328125 0.24791666666666667 0.32916666666666666
2 0.090625 0.25625 0.18125 0.275
2 0.7489583333333333 0.8802083333333334 0.27708333333333335 0.22916666666666666
2 0.15416666666666667 0.753125 0.275 0.2708333333333333
2 0.334375 0.790625 0.27291666666666664 0.3375
2 0.315625 0.6125 0.31875 0.27708333333333335
2 0.28958333333333336 0.37395833333333334 0.35833333333333334 0.35833333333333334
2 0.10520833333333333 0.49583333333333335 0.21041666666666667 0.29583333333333334
2 0.5854166666666667 0.6572916666666667 0.24583333333333332 0.275
2 0.7625 0.6677083333333333 0.2375 0.2604166666666667
2 0.4895833333333333 0.475 0.2604166666666667 0.21666666666666667
2 0.5010416666666667 0.8979166666666667 0.23541666666666666 0.20416666666666666
2 0.9375 0.6458333333333334 0.125 0.24166666666666667
