2 0.44479166666666664 0.18541666666666667 0.24583333333333332 0.30416666666666664
2 0.6322916666666667 0.4270833333333333 0.24791666666666667 0.2125
2 0.29791666666666666 0.7895833333333333 0.27291666666666664 0.22916666666666666
2 0.11458333333333333 0.9270833333333334 0.15833333333333333 0.14583333333333334
2 0.09583333333333334 0.6885416666666667 0.18333333333333332 0.2916666666666667
2 0.9322916666666666 0.734375 0.13541666666666666 0.18958333333333333
2 0.8041666666666667 0.746875 0.22916666666666666 0.22291666666666668
2 0.925 0.540625 0.15 0.27291666666666664
2 0.8791666666666667 0.428125 0.19375 0.21666666666666667
2 0.8635416666666667 0.24791666666666667 0.20416666666666666 0.23958333333333334
2 0.6489583333333333 0.25104166666666666 0.23958333333333334 0.2604166666666667
2 0.6958333333333333 0.08958333333333333 0.26666666666666666 0.17916666666666667
2 0.5552083333333333 0.06458333333333334 0.21041666666666667 0.12916666666666668
