2 0.19375 0.509375 0.36875 0.3854166666666667
2 0.44583333333333336 0.16354166666666667 0.35833333333333334 0.32708333333333334
2 0.1125 0.18958333333333333 0.225 0.3125
2 0.23125 0.790625 0.30833333333333335 0.325
2 0.165625 0.9208333333333333 0.24791666666666667 0.15833333333333333
2 0.728125 0.8520833333333333 0.34375 0.28125
2 0.9208333333333333 0.8677083333333333 0.15833333333333333 0.18125
2 0.8583333333333333 0.6229166666666667 0.2833333333333333 0.4
2 0.6302083333333334 0.721875 0.325 0.31666666666666665
2 0.40729166666666666 0.5177083333333333 0.26875 0.2625
2 0.6291666666666667 0.46875 0.33541666666666664 0.2520833333333333
2 0.69375 0.6104166666666667 0.25833333333333336 0.25
2 0.6833333333333333 0.29270833333333335 0.33541666666666664 0.32708333333333334
2 0.7916666666666666 0.20833333333333334 0.25833333333333336 0.24375
2 0.8364583333333333 0.10625 0.25625 0.2125
