2 0.240625 0.8333333333333334 0.28125 0.275
2 0.796875 0.6895833333333333 0.40208333333333335 0.40208333333333335
2 0.6708333333333333 0.8583333333333333 0.2916666666666667 0.2833333333333333
2 0.5135416666666667 0.678125 0.30625 0.36666666666666664
2 0.08229166666666667 0.65 0.16458333333333333 0.30416666666666664
2 0.8229166666666666 0.18020833333333333 0.3125 0.275
2 0.21458333333333332 0.18020833333333333 0.32083333333333336 0.31666666666666665
2 0.396875 0.18541666666666667 0.33125 0.37083333333333335
2 0.34270833333333334 0.35208333333333336 0.3625 0.33125
2 0.26875 0.5791666666666667 0.4166666666666667 0.4166666666666667
2 0.121875 0.42083333333333334 0.24375 0.32916666666666666
2 0.6166666666666667 0.3645833333333333 0.2916666666666667 0.3145833333333333
2 0.7916666666666666 0.390625 0.28125 0.29791666666666666
2 0.484375 0.521875 0.29375 0.2625
2 0.5833333333333334 0.11666666666666667 0.2708333333333333 0.23333333333333334
2 0.9375 0.446875 0.125 0.2604166666666667
