2 0.8697916666666666 0.12083333333333333 0.2520833333333333 0.24166666666666667
2 0.9052083333333333 0.8072916666666666 0.18958333333333333 0.23958333333333334
2 0.8520833333333333 0.44479166666666664 0.225 0.30833333333333335
2 0.6927083333333334 0.2791666666666667 0.21041666666666667 0.21875
2 0.63125 0.12083333333333333 0.225 0.24166666666666667
2 0.4875 0.134375 0.19166666666666668 0.26875
2 0.36041666666666666 0.1 0.21458333333333332 0.19791666666666666
2 0.25625 0.184375 0.19375 0.19375
2 0.11666666666666667 0.14791666666666667 0.18125 0.18541666666666667
2 0.525 0.340625 0.2875 0.2916666666666667
2 0.7135416666666666 0.890625 0.32083333333333336 0.21666666666666667
2 0.6854166666666667 0.74375 0.30625 0.27291666666666664
2 0.596875 0.5927083333333333 0.28541666666666665 0.25833333333333336
2 0.3489583333333333 0.4822916666666667 0.2708333333333333 0.33125
2 0.14583333333333334 0.4239583333333333 0.16666666666666666 0.21041666666666667
2 0.05 0.43854166666666666 0.1 0.33541666666666664
2 0.16458333333333333 0.5979166666666667 0.27708333333333335 0.34791666666666665
2 0.39895833333333336 0.7104166666666667 0.2791666666666667 0.22916666666666666
2 0.44375 0.85 0.27708333333333335 0.23333333333333334
2 0.2760416666666667 0.890625 0.25625 0.21875
2 0.109375 0.8208333333333333 0.2125 0.19375
