2 0.74375 0.084375 0.3625 0.16875
2 0.734375 0.13854166666666667 0.33541666666666664 0.27708333333333335
2 0.796875 0.7239583333333334 0.39375 0.40625
2 0.759375 0.39791666666666664 0.3104166666666667 0.33125
2 0.5895833333333333 0.4083333333333333 0.31666666666666665 0.3875
2 0.43020833333333336 0.46041666666666664 0.4166666666666667 0.4791666666666667
2 0.38958333333333334 0.7979166666666667 0.42083333333333334 0.33958333333333335
2 0.5666666666666667 0.8302083333333333 0.42083333333333334 0.33958333333333335
2 0.9145833333333333 0.7114583333333333 0.17083333333333334 0.31875
2 0.16979166666666667 0.6385416666666667 0.33958333333333335 0.34375
2 0.2125 0.215625 0.2520833333333333 0.3125
2 0.39375 0.26979166666666665 0.35 0.325
2 0.11145833333333334 0.29375 0.22291666666666668 0.45416666666666666
2 0.37604166666666666 0.103125 0.29791666666666666 0.20625
2 0.6 0.13541666666666666 0.4 0.2708333333333333
