2 0.6364583333333333 0.86875 0.26875 0.2625
2 0.6583333333333333 0.4895833333333333 0.2833333333333333 0.28958333333333336
2 0.7291666666666666 0.20520833333333333 0.28958333333333336 0.3145833333333333
2 0.8145833333333333 0.08229166666666667 0.2125 0.16458333333333333
2 0.865625 0.41041666666666665 0.2604166666666667 0.28125
2 0.8666666666666667 0.5625 0.22916666666666666 0.2125
2 0.8885416666666667 0.7322916666666667 0.22291666666666668 0.2520833333333333
2 0.8145833333333333 0.825 0.27708333333333335 0.27708333333333335
2 0.61875 0.7197916666666667 0.17708333333333334 0.17708333333333334
2 0.8885416666666667 0.20625 0.15 0.19166666666666668
2 0.7427083333333333 0.66875 0.2125 0.20833333333333334
