2 0.28854166666666664 0.63125 0.27291666666666664 0.26875
2 0.10104166666666667 0.18854166666666666 0.20208333333333334 0.27291666666666664
2 0.33229166666666665 0.13541666666666666 0.28125 0.2708333333333333
2 0.18541666666666667 0.2708333333333333 0.19791666666666666 0.12708333333333333
2 0.10104166666666667 0.8854166666666666 0.18125 0.22916666666666666
2 0.34479166666666666 0.9260416666666667 0.23541666666666666 0.14791666666666667
2 0.6135416666666667 0.8625 0.28125 0.275
2 0.846875 0.646875 0.3020833333333333 0.3104166666666667
2 0.4875 0.56875 0.23541666666666666 0.21041666666666667
2 0.48854166666666665 0.684375 0.14583333333333334 0.14791666666666667
2 0.6052083333333333 0.284375 0.18125 0.16458333333333333
2 0.8583333333333333 0.15104166666666666 0.24375 0.28958333333333336
2 0.71875 0.09791666666666667 0.19166666666666668 0.19583333333333333
2 0.7427083333333333 0.3020833333333333 0.2375 0.23958333333333334
2 0.715625 0.49270833333333336 0.3 0.25625
2 0.08854166666666667 0.559375 0.17708333333333334 0.19375
2 0.06666666666666667 0.40625 0.13333333333333333 0.14166666666666666
2 0.15625 0.475 0.15 0.15416666666666667
2 0.915625 0.8010416666666667 0.16875 0.22291666666666668
2 0.725 0.7604166666666666 0.15625 0.14166666666666666
