2 0.06666666666666667 0.13125 0.13333333333333333 0.25
2 0.19166666666666668 0.12291666666666666 0.24166666666666667 0.23958333333333334
2 0.35833333333333334 0.134375 0.21041666666666667 0.225
2 0.43333333333333335 0.08645833333333333 0.225 0.17291666666666666
2 0.5760416666666667 0.14270833333333333 0.2375 0.27708333333333335
2 0.6822916666666666 0.071875 0.26458333333333334 0.14375
2 0.896875 0.12395833333333334 0.19791666666666666 0.24791666666666667
2 0.17395833333333333 0.40729166666666666 0.22708333333333333 0.21041666666666667
2 0.2520833333333333 0.5166666666666667 0.19791666666666666 0.19166666666666668
2 0.12604166666666666 0.66875 0.25 0.2791666666666667
2 0.3614583333333333 0.665625 0.23125 0.31875
2 0.13854166666666667 0.921875 0.21458333333333332 0.15625
2 0.303125 0.9208333333333333 0.23958333333333334 0.15833333333333333
2 0.46875 0.9354166666666667 0.17916666666666667 0.12916666666666668
2 0.5385416666666667 0.8052083333333333 0.2375 0.22708333333333333
2 0.7270833333333333 0.8604166666666667 0.26875 0.275
2 0.915625 0.84375 0.16875 0.22083333333333333
2 0.259375 0.28020833333333334 0.25833333333333336 0.22708333333333333
2 0.45 0.30104166666666665 0.22916666666666666 0.22291666666666668
2 0.76875 0.22395833333333334 0.14583333333333334 0.14791666666666667
2 0.6833333333333333 0.3729166666666667 0.2625 0.29791666666666666
2 0.8677083333333333 0.35625 0.26458333333333334 0.225
2 0.41770833333333335 0.42916666666666664 0.2125 0.19583333333333333
2 0.5833333333333334 0.5729166666666666 0.22916666666666666 0.325
2 0.7583333333333333 0.728125 0.2375 0.21458333333333332
2 0.8552083333333333 0.596875 0.25 0.26666666666666666
