2 0.058333333333333334 0.84375 0.11666666666666667 0.22083333333333333
2 0.13541666666666666 0.415625 0.14375 0.1625
2 0.303125 0.16875 0.3 0.30416666666666664
2 0.28541666666666665 0.378125 0.33125 0.30833333333333335
2 0.13229166666666667 0.071875 0.18125 0.14375
2 0.5197916666666667 0.10208333333333333 0.20208333333333334 0.20416666666666666
2 0.696875 0.16041666666666668 0.2875 0.29791666666666666
2 0.9010416666666666 0.2760416666666667 0.19791666666666666 0.24375
2 0.4666666666666667 0.3302083333333333 0.23541666666666666 0.275
2 0.315625 0.8239583333333333 0.3 0.30833333333333335
2 0.33125 0.65625 0.24583333333333332 0.25416666666666665
2 0.6177083333333333 0.9 0.33958333333333335 0.2
2 0.5260416666666666 0.7541666666666667 0.28125 0.30833333333333335
2 0.7166666666666667 0.7135416666666666 0.26458333333333334 0.28125
2 0.5427083333333333 0.5510416666666667 0.21875 0.2125
2 0.7375 0.421875 0.25625 0.28125
2 0.9020833333333333 0.53125 0.19583333333333333 0.31666666666666665
