2 0.41770833333333335 0.9020833333333333 0.22708333333333333 0.19583333333333333
2 0.24166666666666667 0.89375 0.225 0.175
2 0.18645833333333334 0.60625 0.2125 0.22291666666666668
2 0.34270833333333334 0.7072916666666667 0.17916666666666667 0.15833333333333333
2 0.39375 0.5729166666666666 0.30625 0.27708333333333335
2 0.4041666666666667 0.4125 0.23333333333333334 0.23958333333333334
2 0.2947916666666667 0.22083333333333333 0.29583333333333334 0.30625
2 0.42083333333333334 0.08333333333333333 0.3333333333333333 0.16666666666666666
2 0.5885416666666666 0.153125 0.30625 0.25416666666666665
2 0.4635416666666667 0.26666666666666666 0.22708333333333333 0.25833333333333336
2 0.6083333333333333 0.34791666666666665 0.3020833333333333 0.2833333333333333
2 0.6135416666666667 0.584375 0.24166666666666667 0.25416666666666665
2 0.8177083333333334 0.10416666666666667 0.25 0.15833333333333333
2 0.9375 0.265625 0.125 0.13958333333333334
2 0.8885416666666667 0.4875 0.22291666666666668 0.25833333333333336
2 0.78125 0.475 0.19166666666666668 0.22916666666666666
2 0.8635416666666667 0.659375 0.26666666666666666 0.2916666666666667
2 0.56875 0.803125 0.23541666666666666 0.26875
2 0.55625 0.9333333333333333 0.20416666666666666 0.13333333333333333
2 0.7677083333333333 0.8645833333333334 0.23958333333333334 0.25416666666666665
