2 0.884375 0.8145833333333333 0.23125 0.2833333333333333
2 0.2833333333333333 0.75625 0.29791666666666666 0.30625
2 0.725 0.45208333333333334 0.4 0.34375
2 0.7833333333333333 0.24479166666666666 0.31666666666666665 0.23125
2 0.8333333333333334 0.11666666666666667 0.24166666666666667 0.23333333333333334
2 0.75625 0.7125 0.3416666666666667 0.3020833333333333
2 0.509375 0.6479166666666667 0.2375 0.21458333333333332
2 0.525 0.759375 0.3 0.225
2 0.15 0.8729166666666667 0.225 0.25416666666666665
2 0.453125 0.21145833333333333 0.2875 0.3125
2 0.9427083333333334 0.5541666666666667 0.11458333333333333 0.29583333333333334
2 0.6760416666666667 0.14791666666666667 0.29791666666666666 0.29583333333333334
2 0.09895833333333333 0.4010416666666667 0.19791666666666666 0.2604166666666667
2 0.28854166666666664 0.36770833333333336 0.34791666666666665 0.3729166666666667
2 0.309375 0.9260416666666667 0.28958333333333336 0.14791666666666667
2 0.08541666666666667 0.14583333333333334 0.17083333333333334 0.19166666666666668
