2 0.1875 0.221875 0.2833333333333333 0.28958333333333336
2 0.46770833333333334 0.41354166666666664 0.22083333333333333 0.21666666666666667
2 0.5833333333333334 0.5302083333333333 0.18333333333333332 0.16041666666666668
2 0.6208333333333333 0.784375 0.23541666666666666 0.23958333333333334
2 0.7864583333333334 0.9260416666666667 0.19791666666666666 0.14791666666666667
2 0.5291666666666667 0.9072916666666667 0.2791666666666667 0.18541666666666667
2 0.2635416666666667 0.10520833333333333 0.18958333333333333 0.17708333333333334
2 0.196875 0.5885416666666666 0.2625 0.2520833333333333
2 0.3614583333333333 0.6333333333333333 0.175 0.19791666666666666
2 0.45 0.7208333333333333 0.15208333333333332 0.18958333333333333
2 0.09375 0.415625 0.1875 0.33125
2 0.2708333333333333 0.778125 0.24583333333333332 0.23541666666666666
