2 0.08020833333333334 0.4479166666666667 0.16041666666666668 0.26666666666666666
2 0.18229166666666666 0.78125 0.25625 0.24583333333333332
2 0.21354166666666666 0.95625 0.19375 0.0875
2 0.3302083333333333 0.9145833333333333 0.24791666666666667 0.17083333333333334
2 0.21041666666666667 0.53125 0.21041666666666667 0.22916666666666666
2 0.9145833333333333 0.7135416666666666 0.17083333333333334 0.2520833333333333
2 0.7645833333333333 0.7916666666666666 0.2520833333333333 0.24583333333333332
2 0.3729166666666667 0.759375 0.20208333333333334 0.20625
2 0.31979166666666664 0.6083333333333333 0.19375 0.20208333333333334
2 0.5239583333333333 0.7541666666666667 0.21875 0.20625
2 0.5302083333333333 0.565625 0.26666666666666666 0.26875
2 0.7708333333333334 0.5916666666666667 0.28958333333333336 0.29375
2 0.23333333333333334 0.20625 0.28125 0.225
2 0.4583333333333333 0.096875 0.24166666666666667 0.19375
2 0.6697916666666667 0.059375 0.23541666666666666 0.11875
2 0.8104166666666667 0.11458333333333333 0.24166666666666667 0.22916666666666666
2 0.7375 0.33125 0.23958333333333334 0.31666666666666665
2 0.415625 0.228125 0.26875 0.225
2 0.49895833333333334 0.3625 0.27291666666666664 0.24583333333333332
2 0.625 0.14479166666666668 0.2375 0.25416666666666665
2 0.1625 0.33958333333333335 0.16041666666666668 0.14791666666666667
