2 0.3541666666666667 0.8427083333333333 0.2791666666666667 0.3145833333333333
2 0.559375 0.9229166666666667 0.21458333333333332 0.15416666666666667
2 0.734375 0.853125 0.3020833333333333 0.2604166666666667
2 0.058333333333333334 0.19791666666666666 0.11666666666666667 0.22916666666666666
2 0.27395833333333336 0.153125 0.26666666666666666 0.26666666666666666
2 0.5041666666666667 0.11979166666666667 0.3 0.23958333333333334
2 0.6739583333333333 0.057291666666666664 0.15208333333333332 0.11458333333333333
2 0.7697916666666667 0.11770833333333333 0.10416666666666667 0.11666666666666667
2 0.8458333333333333 0.18229166666666666 0.2375 0.29375
2 0.11458333333333333 0.65625 0.22916666666666666 0.3
2 0.08333333333333333 0.46770833333333334 0.16666666666666666 0.19375
2 0.20729166666666668 0.346875 0.33541666666666664 0.2916666666666667
2 0.26458333333333334 0.5427083333333333 0.34791666666666665 0.37083333333333335
2 0.490625 0.3541666666666667 0.44166666666666665 0.37916666666666665
2 0.7822916666666667 0.33958333333333335 0.32708333333333334 0.3
2 0.7479166666666667 0.50625 0.3020833333333333 0.3104166666666667
2 0.5375 0.6833333333333333 0.2875 0.29583333333333334
2 0.7239583333333334 0.7239583333333334 0.3020833333333333 0.2604166666666667
