2 0.8385416666666666 0.9604166666666667 0.13125 0.07916666666666666
2 0.7166666666666667 0.934375 0.175 0.13125
2 0.8895833333333333 0.7114583333333333 0.20208333333333334 0.3
2 0.915625 0.425 0.16875 0.30833333333333335
2 0.7010416666666667 0.4166666666666667 0.25833333333333336 0.25416666666666665
2 0.6802083333333333 0.6135416666666667 0.2375 0.26458333333333334
2 0.7020833333333333 0.8010416666666667 0.25625 0.32083333333333336
2 0.625 0.14791666666666667 0.18958333333333333 0.2520833333333333
2 0.7291666666666666 0.2604166666666667 0.2375 0.23125
2 0.7520833333333333 0.13229166666666667 0.20416666666666666 0.17916666666666667
