2 0.7875 0.19479166666666667 0.30625 0.3125
2 0.525 0.4114583333333333 0.2375 0.23333333333333334
2 0.4197916666666667 0.5364583333333334 0.19583333333333333 0.175
2 0.40520833333333334 0.7947916666666667 0.25416666666666665 0.25833333333333336
2 0.25104166666666666 0.9333333333333333 0.21041666666666667 0.13333333333333333
2 0.5072916666666667 0.9020833333333333 0.29375 0.19583333333333333
2 0.7010416666666667 0.090625 0.20208333333333334 0.18125
2 0.809375 0.5614583333333333 0.2833333333333333 0.27291666666666664
2 0.65 0.6208333333333333 0.19166666666666668 0.2125
2 0.56875 0.715625 0.16666666666666666 0.20208333333333334
2 0.89375 0.37916666666666665 0.2125 0.3458333333333333
2 0.7520833333333333 0.7572916666666667 0.26458333333333334 0.25416666666666665
