2 0.8458333333333333 0.8791666666666667 0.24583333333333332 0.24166666666666667
2 0.5395833333333333 0.9177083333333333 0.2708333333333333 0.16458333333333333
2 0.21875 0.8708333333333333 0.2875 0.20833333333333334
2 0.415625 0.8552083333333333 0.18125 0.18333333333333332
2 0.3572916666666667 0.7385416666666667 0.24166666666666667 0.24166666666666667
2 0.18333333333333332 0.6927083333333334 0.2520833333333333 0.1875
2 0.12708333333333333 0.5166666666666667 0.25416666666666665 0.22916666666666666
2 0.784375 0.709375 0.18958333333333333 0.16458333333333333
2 0.896875 0.5479166666666667 0.20625 0.24166666666666667
2 0.7052083333333333 0.5895833333333333 0.23958333333333334 0.28541666666666665
2 0.54375 0.5822916666666667 0.225 0.26666666666666666
2 0.3416666666666667 0.10104166666666667 0.24583333333333332 0.20208333333333334
2 0.6270833333333333 0.07395833333333333 0.2875 0.14791666666666667
2 0.7833333333333333 0.2520833333333333 0.27291666666666664 0.29375
2 0.8833333333333333 0.3458333333333333 0.16875 0.17083333333333334
2 0.9395833333333333 0.209375 0.12083333333333333 0.3229166666666667
2 0.1375 0.26145833333333335 0.23333333333333334 0.29791666666666666
2 0.28541666666666665 0.2947916666666667 0.2875 0.2791666666666667
2 0.4125 0.4625 0.3645833333333333 0.3145833333333333
2 0.5395833333333333 0.23541666666666666 0.30833333333333335 0.31875
