2 0.5520833333333334 0.6770833333333334 0.19583333333333333 0.19375
2 0.55 0.4427083333333333 0.12083333333333333 0.15416666666666667
2 0.5208333333333334 0.278125 0.20833333333333334 0.21875
2 0.4510416666666667 0.08958333333333333 0.14791666666666667 0.1375
2 0.6677083333333333 0.09791666666666667 0.20208333333333334 0.19583333333333333
2 0.9052083333333333 0.25729166666666664 0.12916666666666668 0.15416666666666667
2 0.809375 0.45 0.2791666666666667 0.26875
2 0.7479166666666667 0.634375 0.3229166666666667 0.33958333333333335
2 0.9833333333333333 0.8229166666666666 0.03333333333333333 0.15
2 0.9447916666666667 0.45625 0.11041666666666666 0.17083333333333334
2 0.859375 0.11875 0.16458333333333333 0.20208333333333334
2 0.821875 0.021875 0.15625 0.04375
