2 0.653125 0.07708333333333334 0.29791666666666666 0.15416666666666667
2 0.4322916666666667 0.11770833333333333 0.22083333333333333 0.23541666666666666
2 0.2989583333333333 0.18645833333333334 0.2708333333333333 0.26458333333333334
2 0.09583333333333334 0.37604166666666666 0.19166666666666668 0.20208333333333334
2 0.05520833333333333 0.20625 0.11041666666666666 0.2625
2 0.134375 0.553125 0.26875 0.28125
2 0.7145833333333333 0.20104166666666667 0.24166666666666667 0.2625
2 0.5729166666666666 0.246875 0.22083333333333333 0.24166666666666667
2 0.88125 0.3260416666666667 0.225 0.24583333333333332
2 0.9083333333333333 0.8041666666666667 0.18333333333333332 0.3
2 0.8864583333333333 0.5885416666666666 0.22708333333333333 0.24791666666666667
2 0.7145833333333333 0.49375 0.31875 0.2604166666666667
2 0.4583333333333333 0.46770833333333334 0.26875 0.36875
2 0.32708333333333334 0.49895833333333334 0.24166666666666667 0.25
2 0.5635416666666667 0.8802083333333334 0.26875 0.23958333333333334
2 0.7177083333333333 0.8125 0.2875 0.31875
2 0.6635416666666667 0.6614583333333334 0.28541666666666665 0.24375
2 0.45625 0.71875 0.24583333333333332 0.25
2 0.28854166666666664 0.675 0.2708333333333333 0.2791666666666667
2 0.22083333333333333 0.9260416666666667 0.2833333333333333 0.14791666666666667
2 0.6989583333333333 0.36875 0.23541666666666666 0.22291666666666668
