2 0.07708333333333334 0.9302083333333333 0.10416666666666667 0.13958333333333334
2 0.20416666666666666 0.9166666666666666 0.15 0.16666666666666666
2 0.07916666666666666 0.6395833333333333 0.15833333333333333 0.2833333333333333
2 0.08333333333333333 0.34791666666666665 0.16666666666666666 0.2875
2 0.31666666666666665 0.38229166666666664 0.22708333333333333 0.225
2 0.303125 0.5802083333333333 0.20416666666666666 0.2375
2 0.24895833333333334 0.7614583333333333 0.2125 0.29583333333333334
2 0.43854166666666666 0.13125 0.15416666666666667 0.23333333333333334
2 0.315625 0.225 0.21041666666666667 0.20208333333333334
2 0.315625 0.09479166666666666 0.18541666666666667 0.15208333333333332
