2 0.8635416666666667 0.14895833333333333 0.25833333333333336 0.225
2 0.9104166666666667 0.328125 0.17916666666666667 0.24791666666666667
2 0.78125 0.42604166666666665 0.24791666666666667 0.23958333333333334
2 0.7395833333333334 0.27395833333333336 0.20416666666666666 0.20416666666666666
2 0.5604166666666667 0.37083333333333335 0.21666666666666667 0.20208333333333334
2 0.48125 0.05416666666666667 0.25 0.10833333333333334
2 0.434375 0.17291666666666666 0.23958333333333334 0.23541666666666666
2 0.6197916666666666 0.19791666666666666 0.225 0.23541666666666666
2 0.3854166666666667 0.30104166666666665 0.17291666666666666 0.21041666666666667
2 0.13645833333333332 0.10625 0.18125 0.18125
2 0.14479166666666668 0.0375 0.16041666666666668 0.075
2 0.2552083333333333 0.14583333333333334 0.17291666666666666 0.21458333333333332
2 0.09270833333333334 0.371875 0.18541666666666667 0.25625
2 0.209375 0.3416666666666667 0.19375 0.2625
2 0.3125 0.45729166666666665 0.22916666666666666 0.23958333333333334
2 0.459375 0.490625 0.1625 0.1625
2 0.0625 0.628125 0.125 0.26458333333333334
2 0.07083333333333333 0.84375 0.14166666666666666 0.2
2 0.175 0.7989583333333333 0.23958333333333334 0.2916666666666667
2 0.171875 0.5979166666666667 0.19791666666666666 0.2916666666666667
2 0.3020833333333333 0.675 0.17083333333333334 0.22916666666666666
2 0.525 0.6041666666666666 0.21041666666666667 0.29375
2 0.6864583333333333 0.653125 0.24375 0.2375
2 0.884375 0.7635416666666667 0.19791666666666666 0.2875
2 0.40520833333333334 0.8114583333333333 0.2125 0.21666666666666667
2 0.5739583333333333 0.8614583333333333 0.23958333333333334 0.22916666666666666
2 0.7489583333333333 0.9083333333333333 0.23125 0.18333333333333332
