2 0.8010416666666667 0.30833333333333335 0.225 0.2604166666666667
2 0.35520833333333335 0.43333333333333335 0.22708333333333333 0.24375
2 0.490625 0.5479166666666667 0.28541666666666665 0.27291666666666664
2 0.7197916666666667 0.6166666666666667 0.25 0.22916666666666666
2 0.5416666666666666 0.13020833333333334 0.25833333333333336 0.2604166666666667
2 0.53125 0.3770833333333333 0.19791666666666666 0.17291666666666666
2 0.34479166666666666 0.11354166666666667 0.3020833333333333 0.22708333333333333
2 0.16041666666666668 0.2791666666666667 0.2916666666666667 0.28958333333333336
2 0.084375 0.503125 0.16875 0.25625
2 0.19895833333333332 0.58125 0.28125 0.27708333333333335
2 0.06458333333333334 0.8 0.12916666666666668 0.25
2 0.12916666666666668 0.7697916666666667 0.24791666666666667 0.2708333333333333
2 0.309375 0.7947916666666667 0.2708333333333333 0.27291666666666664
2 0.50625 0.8635416666666667 0.25416666666666665 0.27291666666666664
2 0.725 0.81875 0.24375 0.23541666666666666
