2 0.8135416666666667 0.08854166666666667 0.3104166666666667 0.17708333333333334
2 0.7177083333333333 0.221875 0.11041666666666666 0.14583333333333334
2 0.8864583333333333 0.3416666666666667 0.21458333333333332 0.2520833333333333
2 0.859375 0.596875 0.28125 0.28125
2 0.7416666666666667 0.7489583333333333 0.28541666666666665 0.16041666666666668
2 0.56875 0.859375 0.21458333333333332 0.22291666666666668
2 0.26666666666666666 0.9135416666666667 0.22916666666666666 0.17291666666666666
2 0.546875 0.575 0.29791666666666666 0.2520833333333333
2 0.6177083333333333 0.42604166666666665 0.21041666666666667 0.20625
2 0.4708333333333333 0.21979166666666666 0.21458333333333332 0.24375
2 0.20104166666666667 0.10625 0.16875 0.15625
2 0.08854166666666667 0.11145833333333334 0.17708333333333334 0.20208333333333334
2 0.30416666666666664 0.6614583333333334 0.33125 0.32083333333333336
2 0.38645833333333335 0.32916666666666666 0.36666666666666664 0.16875
