2 0.9364583333333333 0.7958333333333333 0.12708333333333333 0.17083333333333334
2 0.896875 0.925 0.20625 0.1375
2 0.803125 0.7854166666666667 0.15416666666666667 0.2708333333333333
2 0.925 0.3875 0.15 0.275
2 0.07083333333333333 0.2833333333333333 0.14166666666666666 0.275
2 0.07604166666666666 0.08645833333333333 0.15208333333333332 0.16041666666666668
2 0.13333333333333333 0.784375 0.2604166666666667 0.2520833333333333
2 0.45729166666666665 0.8635416666666667 0.30833333333333335 0.19583333333333333
2 0.3625 0.75625 0.25416666666666665 0.2125
2 0.3854166666666667 0.21979166666666666 0.30625 0.27708333333333335
2 0.7270833333333333 0.190625 0.28958333333333336 0.26666666666666666
2 0.5770833333333333 0.3489583333333333 0.29583333333333334 0.3333333333333333
2 0.6760416666666667 0.60625 0.23958333333333334 0.17083333333333334
2 0.7104166666666667 0.446875 0.2 0.2
2 0.35 0.09375 0.23541666666666666 0.18541666666666667
2 0.3572916666666667 0.5125 0.2520833333333333 0.24375
2 0.20520833333333333 0.6375 0.22916666666666666 0.2604166666666667
2 0.4979166666666667 0.6302083333333334 0.21666666666666667 0.23333333333333334
