2 0.8833333333333333 0.4666666666666667 0.23333333333333334 0.25833333333333336
2 0.94375 0.2833333333333333 0.1125 0.2875
2 0.8114583333333333 0.2864583333333333 0.28125 0.3020833333333333
2 0.796875 0.15416666666666667 0.26875 0.23125
2 0.5427083333333333 0.13020833333333334 0.34791666666666665 0.2604166666666667
2 0.17916666666666667 0.06666666666666667 0.17916666666666667 0.13333333333333333
2 0.2375 0.15208333333333332 0.3 0.30416666666666664
2 0.303125 0.44583333333333336 0.26458333333333334 0.2604166666666667
2 0.4354166666666667 0.30104166666666665 0.25416666666666665 0.2708333333333333
2 0.8520833333333333 0.696875 0.2791666666666667 0.3125
2 0.6010416666666667 0.8270833333333333 0.2875 0.2791666666666667
2 0.6947916666666667 0.634375 0.2708333333333333 0.29791666666666666
2 0.5104166666666666 0.5864583333333333 0.24583333333333332 0.25625
2 0.625 0.42604166666666665 0.3375 0.3458333333333333
2 0.08333333333333333 0.7958333333333333 0.16666666666666666 0.2375
2 0.17291666666666666 0.6427083333333333 0.3458333333333333 0.4270833333333333
2 0.80625 0.875 0.2 0.20625
