2 0.103125 0.775 0.20625 0.22083333333333333
2 0.10104166666666667 0.6375 0.20208333333333334 0.14583333333333334
2 0.14791666666666667 0.37395833333333334 0.29583333333333334 0.3229166666666667
2 0.25625 0.48125 0.30416666666666664 0.38333333333333336
2 0.4822916666666667 0.45625 0.26666666666666666 0.23541666666666666
2 0.8114583333333333 0.3177083333333333 0.2916666666666667 0.2791666666666667
2 0.8895833333333333 0.371875 0.22083333333333333 0.23333333333333334
2 0.93125 0.31666666666666665 0.1375 0.21666666666666667
2 0.9197916666666667 0.10833333333333334 0.16041666666666668 0.17083333333333334
2 0.65625 0.18958333333333333 0.2791666666666667 0.21041666666666667
2 0.5572916666666666 0.22083333333333333 0.23958333333333334 0.2791666666666667
2 0.28229166666666666 0.171875 0.3375 0.29583333333333334
2 0.465625 0.075 0.34791666666666665 0.15
2 0.7177083333333333 0.05 0.3145833333333333 0.09375
2 0.06770833333333333 0.315625 0.11875 0.13541666666666666
2 0.09583333333333334 0.11354166666666667 0.15416666666666667 0.22708333333333333
