2 0.8114583333333333 0.14270833333333333 0.27708333333333335 0.28541666666666665
2 0.6822916666666666 0.06770833333333333 0.28541666666666665 0.13541666666666666
2 0.6375 0.203125 0.2708333333333333 0.25625
2 0.4510416666666667 0.09583333333333334 0.21458333333333332 0.19166666666666668
2 0.17916666666666667 0.2604166666666667 0.25833333333333336 0.2625
2 0.08333333333333333 0.25729166666666664 0.16666666666666666 0.33958333333333335
2 0.23229166666666667 0.47604166666666664 0.19583333333333333 0.20625
2 0.20729166666666668 0.8177083333333334 0.34375 0.3645833333333333
2 0.5052083333333334 0.9072916666666667 0.25625 0.18541666666666667
2 0.89375 0.6739583333333333 0.2125 0.27291666666666664
2 0.9052083333333333 0.8177083333333334 0.18958333333333333 0.17708333333333334
2 0.81875 0.5427083333333333 0.26875 0.23541666666666666
2 0.6979166666666666 0.371875 0.40625 0.33958333333333335
2 0.571875 0.5572916666666666 0.28958333333333336 0.31875
2 0.734375 0.8145833333333333 0.35 0.32916666666666666
2 0.5104166666666666 0.8010416666666667 0.30416666666666664 0.21041666666666667
2 0.4239583333333333 0.6510416666666666 0.2833333333333333 0.30625
2 0.38958333333333334 0.45416666666666666 0.31666666666666665 0.29791666666666666
2 0.16354166666666667 0.540625 0.22916666666666666 0.22708333333333333
