2 0.10104166666666667 0.8822916666666667 0.16875 0.23541666666666666
2 0.22395833333333334 0.8354166666666667 0.26875 0.31666666666666665
2 0.471875 0.8614583333333333 0.3416666666666667 0.27708333333333335
2 0.61875 0.7427083333333333 0.32083333333333336 0.3229166666666667
2 0.8364583333333333 0.8322916666666667 0.32708333333333334 0.3104166666666667
2 0.8833333333333333 0.6447916666666667 0.23333333333333334 0.27291666666666664
2 0.6041666666666666 0.5083333333333333 0.33125 0.30625
2 0.06770833333333333 0.6041666666666666 0.13541666666666666 0.26666666666666666
2 0.13125 0.46458333333333335 0.2625 0.30833333333333335
2 0.31354166666666666 0.48125 0.275 0.35208333333333336
2 0.13645833333333332 0.21458333333333332 0.27291666666666664 0.3416666666666667
2 0.85 0.4322916666666667 0.3 0.28541666666666665
2 0.8864583333333333 0.290625 0.21875 0.29375
2 0.8729166666666667 0.08229166666666667 0.20416666666666666 0.16458333333333333
2 0.7791666666666667 0.15104166666666666 0.2520833333333333 0.2708333333333333
2 0.525 0.365625 0.29375 0.20208333333333334
2 0.290625 0.14270833333333333 0.2875 0.27291666666666664
2 0.38229166666666664 0.184375 0.20833333333333334 0.24791666666666667
2 0.5625 0.20520833333333333 0.26458333333333334 0.29375
2 0.63125 0.08333333333333333 0.2625 0.16666666666666666
