2 0.10625 0.88125 0.17916666666666667 0.2375
2 0.2677083333333333 0.8958333333333334 0.21458333333333332 0.18541666666666667
2 0.4791666666666667 0.8916666666666667 0.25833333333333336 0.21666666666666667
2 0.7572916666666667 0.8802083333333334 0.35625 0.22916666666666666
2 0.80625 0.6791666666666667 0.24791666666666667 0.2791666666666667
2 0.8708333333333333 0.596875 0.13958333333333334 0.19375
2 0.9083333333333333 0.10416666666666667 0.14166666666666666 0.20833333333333334
2 0.821875 0.058333333333333334 0.21041666666666667 0.11666666666666667
2 0.753125 0.14166666666666666 0.21041666666666667 0.15416666666666667
2 0.5885416666666666 0.057291666666666664 0.28958333333333336 0.11458333333333333
2 0.18333333333333332 0.7010416666666667 0.3541666666666667 0.2520833333333333
2 0.16145833333333334 0.5083333333333333 0.3229166666666667 0.275
2 0.07291666666666667 0.228125 0.14583333333333334 0.3645833333333333
2 0.5447916666666667 0.64375 0.34791666666666665 0.3645833333333333
2 0.94375 0.484375 0.1125 0.18958333333333333
2 0.534375 0.43645833333333334 0.35 0.27291666666666664
2 0.615625 0.24375 0.18333333333333332 0.15625
2 0.8020833333333334 0.371875 0.3458333333333333 0.3625
2 0.21666666666666667 0.24791666666666667 0.32708333333333334 0.35208333333333336
2 0.39895833333333336 0.37083333333333335 0.2875 0.2375
2 0.453125 0.16354166666666667 0.325 0.27708333333333335
2 0.359375 0.71875 0.19166666666666668 0.1875
