2 0.065625 0.778125 0.13125 0.2520833333333333
2 0.12291666666666666 0.6291666666666667 0.24583333333333332 0.3
2 0.20729166666666668 0.16875 0.22291666666666668 0.23333333333333334
2 0.246875 0.06145833333333333 0.20625 0.12291666666666666
2 0.42916666666666664 0.05625 0.23333333333333334 0.1125
2 0.365625 0.10833333333333334 0.26875 0.21666666666666667
2 0.70625 0.253125 0.225 0.225
2 0.84375 0.21875 0.2916666666666667 0.32916666666666666
2 0.9239583333333333 0.25104166666666666 0.15208333333333332 0.3145833333333333
2 0.8541666666666666 0.375 0.2916666666666667 0.325
2 0.5875 0.3854166666666667 0.33541666666666664 0.36041666666666666
2 0.29583333333333334 0.29270833333333335 0.31666666666666665 0.29583333333333334
2 0.44375 0.28958333333333336 0.27291666666666664 0.29791666666666666
2 0.24166666666666667 0.4708333333333333 0.28541666666666665 0.29791666666666666
2 0.3697916666666667 0.5333333333333333 0.29583333333333334 0.3145833333333333
2 0.5208333333333334 0.6645833333333333 0.40208333333333335 0.3770833333333333
2 0.28958333333333336 0.721875 0.32708333333333334 0.325
2 0.540625 0.8770833333333333 0.34791666666666665 0.24583333333333332
2 0.3697916666666667 0.8239583333333333 0.25416666666666665 0.20833333333333334
2 0.7864583333333334 0.8 0.16041666666666668 0.16875
2 0.7947916666666667 0.9447916666666667 0.15625 0.11041666666666666
2 0.8864583333333333 0.5791666666666667 0.22708333333333333 0.31666666666666665
