2 0.8739583333333333 0.9177083333333333 0.19375 0.16458333333333333
2 0.9072916666666667 0.7552083333333334 0.16041666666666668 0.25
2 0.7354166666666667 0.8083333333333333 0.2604166666666667 0.325
2 0.5427083333333333 0.7010416666666667 0.27708333333333335 0.2916666666666667
2 0.8479166666666667 0.5291666666666667 0.25 0.25
2 0.8625 0.3541666666666667 0.2708333333333333 0.2375
2 0.6395833333333333 0.14479166666666668 0.2604166666666667 0.23541666666666666
2 0.44583333333333336 0.11354166666666667 0.2 0.22708333333333333
2 0.28229166666666666 0.12708333333333333 0.24791666666666667 0.25416666666666665
2 0.09895833333333333 0.24583333333333332 0.18541666666666667 0.325
2 0.2604166666666667 0.5104166666666666 0.20208333333333334 0.22291666666666668
2 0.6708333333333333 0.3645833333333333 0.21041666666666667 0.25
2 0.5479166666666667 0.35 0.20208333333333334 0.25
2 0.3541666666666667 0.2833333333333333 0.2 0.17291666666666666
2 0.39791666666666664 0.475 0.2708333333333333 0.27708333333333335
2 0.09166666666666666 0.5875 0.18333333333333332 0.2791666666666667
2 0.24166666666666667 0.7729166666666667 0.2875 0.24583333333333332
2 0.12604166666666666 0.8822916666666667 0.2520833333333333 0.20208333333333334
