2 0.20625 0.171875 0.36666666666666664 0.325
2 0.20625 0.3541666666666667 0.3375 0.22708333333333333
2 0.1625 0.5822916666666667 0.325 0.33541666666666664
2 0.159375 0.7583333333333333 0.30833333333333335 0.36666666666666664
2 0.31354166666666666 0.8489583333333334 0.34791666666666665 0.3020833333333333
2 0.3072916666666667 0.5104166666666666 0.24166666666666667 0.25625
2 0.3260416666666667 0.06354166666666666 0.19166666666666668 0.11875
2 0.8947916666666667 0.196875 0.19375 0.33541666666666664
2 0.8052083333333333 0.15104166666666666 0.33541666666666664 0.3020833333333333
2 0.6270833333333333 0.09583333333333334 0.2 0.19166666666666668
2 0.46458333333333335 0.14791666666666667 0.25 0.26458333333333334
2 0.621875 0.24375 0.35625 0.36041666666666666
2 0.8427083333333333 0.4427083333333333 0.3145833333333333 0.3770833333333333
2 0.8729166666666667 0.71875 0.25416666666666665 0.29583333333333334
2 0.61875 0.840625 0.30416666666666664 0.31875
2 0.396875 0.30625 0.23958333333333334 0.2520833333333333
2 0.6072916666666667 0.43645833333333334 0.35 0.31875
2 0.553125 0.6072916666666667 0.325 0.28958333333333336
2 0.840625 0.8958333333333334 0.28958333333333336 0.18125
