2 0.7177083333333333 0.7614583333333333 0.27708333333333335 0.26875
2 0.4875 0.746875 0.2708333333333333 0.22083333333333333
2 0.15625 0.8666666666666667 0.3 0.26666666666666666
2 0.9125 0.5697916666666667 0.175 0.2520833333333333
2 0.54375 0.5989583333333334 0.175 0.14583333333333334
2 0.9083333333333333 0.17395833333333333 0.17083333333333334 0.30625
2 0.746875 0.253125 0.3333333333333333 0.35208333333333336
2 0.7302083333333333 0.057291666666666664 0.19791666666666666 0.11458333333333333
2 0.534375 0.14166666666666666 0.18333333333333332 0.17916666666666667
2 0.6239583333333333 0.459375 0.2625 0.25
2 0.48125 0.434375 0.19583333333333333 0.22916666666666666
2 0.328125 0.3458333333333333 0.32708333333333334 0.3104166666666667
2 0.8166666666666667 0.921875 0.26666666666666666 0.14375
2 0.4739583333333333 0.9114583333333334 0.23125 0.17708333333333334
2 0.11354166666666667 0.14375 0.22708333333333333 0.2708333333333333
2 0.13020833333333334 0.41041666666666665 0.22916666666666666 0.24166666666666667
2 0.321875 0.11666666666666667 0.2708333333333333 0.19583333333333333
