2 0.06041666666666667 0.15104166666666666 0.12083333333333333 0.13541666666666666
2 0.08541666666666667 0.459375 0.17083333333333334 0.25625
2 0.1125 0.6135416666666667 0.225 0.22708333333333333
2 0.196875 0.7520833333333333 0.25 0.24583333333333332
2 0.23229166666666667 0.91875 0.29791666666666666 0.1625
2 0.28541666666666665 0.8739583333333333 0.2375 0.2520833333333333
2 0.415625 0.7635416666666667 0.30833333333333335 0.29583333333333334
2 0.5875 0.8 0.31666666666666665 0.3
2 0.26979166666666665 0.5427083333333333 0.2375 0.2625
2 0.25625 0.3572916666666667 0.28541666666666665 0.29583333333333334
2 0.21770833333333334 0.18645833333333334 0.3125 0.3104166666666667
2 0.49583333333333335 0.3770833333333333 0.2375 0.275
2 0.4166666666666667 0.5854166666666667 0.2625 0.225
2 0.59375 0.5927083333333333 0.2875 0.26875
2 0.8166666666666667 0.7395833333333334 0.25 0.23958333333333334
2 0.934375 0.8083333333333333 0.13125 0.20833333333333334
2 0.8010416666666667 0.55 0.26875 0.30625
2 0.7229166666666667 0.2916666666666667 0.28958333333333336 0.30416666666666664
2 0.8760416666666667 0.29583333333333334 0.21666666666666667 0.23958333333333334
2 0.840625 0.12708333333333333 0.20416666666666666 0.23541666666666666
2 0.7947916666666667 0.051041666666666666 0.21875 0.10208333333333333
2 0.4354166666666667 0.13125 0.2833333333333333 0.2625
2 0.5916666666666667 0.06770833333333333 0.25416666666666665 0.13541666666666666
2 0.6697916666666667 0.11145833333333334 0.20208333333333334 0.1625
2 0.6989583333333333 0.9166666666666666 0.19166666666666668 0.13541666666666666
2 0.8875 0.7635416666666667 0.18541666666666667 0.19375
