2 0.6520833333333333 0.19166666666666668 0.1625 0.21875
2 0.5010416666666667 0.26875 0.325 0.23541666666666666
2 0.3645833333333333 0.33541666666666664 0.1375 0.16041666666666668
2 0.28020833333333334 0.24479166666666666 0.24791666666666667 0.20208333333333334
2 0.184375 0.225 0.19375 0.18333333333333332
2 0.16666666666666666 0.34791666666666665 0.24166666666666667 0.24375
2 0.04895833333333333 0.25 0.09791666666666667 0.32916666666666666
2 0.13541666666666666 0.5208333333333334 0.15 0.16458333333333333
2 0.09270833333333334 0.7864583333333334 0.1625 0.22916666666666666
2 0.2916666666666667 0.590625 0.18541666666666667 0.2625
2 0.25729166666666664 0.7 0.27291666666666664 0.24375
2 0.45625 0.5395833333333333 0.23125 0.2375
2 0.5802083333333333 0.6145833333333334 0.18333333333333332 0.25833333333333336
2 0.4708333333333333 0.6697916666666667 0.20416666666666666 0.28958333333333336
2 0.8197916666666667 0.678125 0.3 0.38333333333333336
2 0.8072916666666666 0.85625 0.36666666666666664 0.2708333333333333
