2 0.7104166666666667 0.08854166666666667 0.2916666666666667 0.17708333333333334
2 0.6479166666666667 0.27395833333333336 0.3416666666666667 0.33125
2 0.11770833333333333 0.584375 0.23541666666666666 0.30625
2 0.27291666666666664 0.4708333333333333 0.3104166666666667 0.29583333333333334
2 0.4666666666666667 0.396875 0.20625 0.25625
2 0.5770833333333333 0.4791666666666667 0.24791666666666667 0.27708333333333335
2 0.7083333333333334 0.528125 0.3541666666666667 0.34375
2 0.9208333333333333 0.5239583333333333 0.15833333333333333 0.28541666666666665
2 0.8739583333333333 0.3645833333333333 0.23958333333333334 0.2
2 0.959375 0.7635416666666667 0.08125 0.2520833333333333
2 0.75 0.8125 0.3625 0.3229166666666667
2 0.5208333333333334 0.8895833333333333 0.275 0.22083333333333333
2 0.40520833333333334 0.615625 0.26875 0.27708333333333335
2 0.25833333333333336 0.7427083333333333 0.2791666666666667 0.27291666666666664
2 0.2708333333333333 0.9 0.2833333333333333 0.2
2 0.23958333333333334 0.98125 0.23333333333333334 0.0375
