2 0.8114583333333333 0.32395833333333335 0.23541666666666666 0.26875
2 0.35833333333333334 0.42604166666666665 0.23541666666666666 0.2520833333333333
2 0.48854166666666665 0.546875 0.29583333333333334 0.2833333333333333
2 0.7135416666666666 0.628125 0.25833333333333336 0.23958333333333334
2 0.5614583333333333 0.13333333333333333 0.26875 0.26666666666666666
2 0.5375 0.37916666666666665 0.20416666666666666 0.18125
2 0.36770833333333336 0.1125 0.3104166666666667 0.225
2 0.17291666666666666 0.26145833333333335 0.3 0.3
2 0.0875 0.4791666666666667 0.175 0.2625
2 0.19479166666666667 0.5645833333333333 0.2916666666666667 0.2875
2 0.059375 0.7760416666666666 0.11875 0.25625
2 0.121875 0.75 0.24375 0.2791666666666667
2 0.2947916666666667 0.784375 0.28125 0.28125
2 0.4864583333333333 0.8614583333333333 0.26458333333333334 0.27708333333333335
2 0.7072916666666667 0.8302083333333333 0.25 0.24583333333333332
