2 0.934375 0.18020833333333333 0.13125 0.23541666666666666
2 0.7104166666666667 0.15729166666666666 0.29583333333333334 0.2916666666666667
2 0.8520833333333333 0.134375 0.20208333333333334 0.18541666666666667
2 0.3885416666666667 0.07708333333333334 0.28541666666666665 0.15416666666666667
2 0.29270833333333335 0.14375 0.30625 0.2875
2 0.5239583333333333 0.153125 0.2791666666666667 0.25833333333333336
2 0.55 0.31666666666666665 0.19583333333333333 0.19583333333333333
2 0.8927083333333333 0.38229166666666664 0.21458333333333332 0.26875
2 0.7604166666666666 0.375 0.2604166666666667 0.26875
2 0.8802083333333334 0.7635416666666667 0.20416666666666666 0.29375
2 0.746875 0.8739583333333333 0.3145833333333333 0.2520833333333333
2 0.7552083333333334 0.653125 0.32916666666666666 0.2791666666666667
2 0.12083333333333333 0.11979166666666667 0.14375 0.1625
2 0.09375 0.24895833333333334 0.14583333333333334 0.21875
2 0.20416666666666666 0.290625 0.26458333333333334 0.20625
2 0.334375 0.353125 0.30833333333333335 0.26458333333333334
2 0.3020833333333333 0.53125 0.27291666666666664 0.24583333333333332
2 0.11354166666666667 0.45 0.22708333333333333 0.2625
2 0.09375 0.6 0.1875 0.23333333333333334
2 0.125 0.7260416666666667 0.24375 0.3020833333333333
2 0.14375 0.8677083333333333 0.2875 0.19375
2 0.32395833333333335 0.9229166666666667 0.21458333333333332 0.13958333333333334
2 0.46979166666666666 0.8447916666666667 0.35625 0.2875
2 0.5666666666666667 0.9322916666666666 0.275 0.13541666666666666
2 0.44583333333333336 0.6354166666666666 0.3333333333333333 0.29583333333333334
