2 0.24166666666666667 0.9427083333333334 0.275 0.11458333333333333
2 0.18125 0.6760416666666667 0.33541666666666664 0.2875
2 0.09270833333333334 0.21666666666666667 0.18541666666666667 0.225
2 0.16979166666666667 0.17291666666666666 0.32708333333333334 0.27708333333333335
2 0.15520833333333334 0.4125 0.3104166666666667 0.375
2 0.309375 0.33125 0.14375 0.13333333333333333
2 0.2708333333333333 0.509375 0.2604166666666667 0.28541666666666665
2 0.43020833333333336 0.5291666666666667 0.25416666666666665 0.2916666666666667
2 0.503125 0.4010416666666667 0.2520833333333333 0.24375
2 0.140625 0.853125 0.19375 0.26666666666666666
2 0.3125 0.8427083333333333 0.26666666666666666 0.3145833333333333
2 0.5 0.9197916666666667 0.29583333333333334 0.16041666666666668
2 0.7416666666666667 0.8614583333333333 0.36875 0.25833333333333336
2 0.8770833333333333 0.7260416666666667 0.24583333333333332 0.36875
2 0.43333333333333335 0.8 0.2791666666666667 0.21875
2 0.6197916666666666 0.6666666666666666 0.3958333333333333 0.41458333333333336
2 0.9385416666666667 0.4979166666666667 0.12291666666666666 0.25833333333333336
2 0.9145833333333333 0.2989583333333333 0.14375 0.21041666666666667
2 0.5166666666666667 0.14375 0.37916666666666665 0.2875
2 0.778125 0.121875 0.24375 0.24375
2 0.8666666666666667 0.10520833333333333 0.15416666666666667 0.21041666666666667
2 0.5770833333333333 0.25416666666666665 0.26666666666666666 0.275
2 0.7635416666666667 0.26979166666666665 0.32708333333333334 0.29583333333333334
2 0.8135416666666667 0.4864583333333333 0.24166666666666667 0.25
