2 0.6479166666666667 0.13645833333333332 0.3333333333333333 0.27291666666666664
2 0.84375 0.2 0.3125 0.30833333333333335
2 0.28125 0.12604166666666666 0.36666666666666664 0.2520833333333333
2 0.3729166666666667 0.18020833333333333 0.25833333333333336 0.24791666666666667
2 0.346875 0.346875 0.3333333333333333 0.3229166666666667
2 0.16666666666666666 0.37916666666666665 0.32083333333333336 0.34791666666666665
2 0.13541666666666666 0.25104166666666666 0.21875 0.25
2 0.540625 0.35520833333333335 0.33541666666666664 0.34375
2 0.8083333333333333 0.4666666666666667 0.38333333333333336 0.425
2 0.44895833333333335 0.55625 0.24583333333333332 0.22708333333333333
2 0.4791666666666667 0.671875 0.27708333333333335 0.31875
2 0.6895833333333333 0.76875 0.31666666666666665 0.30833333333333335
2 0.815625 0.9020833333333333 0.22291666666666668 0.19583333333333333
2 0.10416666666666667 0.6552083333333333 0.20833333333333334 0.35208333333333336
2 0.171875 0.7333333333333333 0.3104166666666667 0.34375
2 0.23854166666666668 0.8927083333333333 0.25416666666666665 0.16666666666666666
2 0.38645833333333335 0.7677083333333333 0.31666666666666665 0.35625
2 0.4739583333333333 0.890625 0.28541666666666665 0.21875
2 0.03854166666666667 0.75625 0.07708333333333334 0.275
