2 0.8510416666666667 0.8822916666666667 0.2604166666666667 0.23541666666666666
2 0.9270833333333334 0.6708333333333333 0.14166666666666666 0.24791666666666667
2 0.66875 0.8614583333333333 0.2916666666666667 0.27708333333333335
2 0.175 0.86875 0.2375 0.23333333333333334
2 0.13125 0.6510416666666666 0.2625 0.3020833333333333
2 0.34479166666666666 0.7166666666666667 0.3145833333333333 0.2875
2 0.7625 0.6760416666666667 0.225 0.25625
2 0.5604166666666667 0.640625 0.22291666666666668 0.24375
2 0.34270833333333334 0.5177083333333333 0.2625 0.2
2 0.846875 0.40625 0.2625 0.26875
2 0.8427083333333333 0.21458333333333332 0.3125 0.2833333333333333
2 0.5770833333333333 0.4510416666666667 0.2604166666666667 0.23958333333333334
2 0.521875 0.1875 0.22708333333333333 0.1625
2 0.6208333333333333 0.25104166666666666 0.275 0.225
2 0.3229166666666667 0.365625 0.375 0.30416666666666664
2 0.26979166666666665 0.075 0.33958333333333335 0.15
