2 0.8572916666666667 0.45625 0.1875 0.16875
2 0.746875 0.6520833333333333 0.1625 0.15833333333333333
2 0.6666666666666666 0.3458333333333333 0.13541666666666666 0.125
2 0.7083333333333334 0.13020833333333334 0.1375 0.175
2 0.33229166666666665 0.44895833333333335 0.22083333333333333 0.22916666666666666
2 0.45208333333333334 0.09270833333333334 0.15208333333333332 0.17916666666666667
2 0.634375 0.8604166666666667 0.24166666666666667 0.26458333333333334
2 0.44583333333333336 0.8052083333333333 0.25 0.21041666666666667
2 0.278125 0.6395833333333333 0.24375 0.21458333333333332
2 0.08645833333333333 0.7979166666666667 0.16666666666666666 0.20416666666666666
2 0.24270833333333333 0.10520833333333333 0.24583333333333332 0.20625
2 0.20520833333333333 0.06770833333333333 0.225 0.12916666666666668
