2 0.16979166666666667 0.23333333333333334 0.25625 0.2833333333333333
2 0.06145833333333333 0.41458333333333336 0.12291666666666666 0.22083333333333333
2 0.05416666666666667 0.59375 0.10833333333333334 0.2625
2 0.6875 0.128125 0.2625 0.23958333333333334
2 0.8875 0.16770833333333332 0.225 0.24375
2 0.928125 0.309375 0.14375 0.23125
2 0.415625 0.14270833333333333 0.3145833333333333 0.28541666666666665
2 0.165625 0.8489583333333334 0.30416666666666664 0.24166666666666667
2 0.5552083333333333 0.9260416666666667 0.2604166666666667 0.14791666666666667
2 0.7197916666666667 0.8854166666666666 0.22291666666666668 0.22916666666666666
2 0.21145833333333333 0.49583333333333335 0.3625 0.30416666666666664
2 0.30520833333333336 0.378125 0.3104166666666667 0.28958333333333336
2 0.46770833333333334 0.7510416666666667 0.36875 0.33541666666666664
2 0.8322916666666667 0.8489583333333334 0.2625 0.2791666666666667
2 0.6677083333333333 0.690625 0.2625 0.29375
2 0.48541666666666666 0.51875 0.2791666666666667 0.29583333333333334
2 0.4895833333333333 0.340625 0.25 0.23333333333333334
2 0.6885416666666667 0.2635416666666667 0.33541666666666664 0.3104166666666667
2 0.7135416666666666 0.4739583333333333 0.32916666666666666 0.2916666666666667
2 0.9041666666666667 0.5458333333333333 0.19166666666666668 0.2625
