2 0.16041666666666668 0.6697916666666667 0.32083333333333336 0.38125
2 0.41875 0.7208333333333333 0.28541666666666665 0.26875
2 0.3229166666666667 0.8427083333333333 0.28958333333333336 0.25625
2 0.290625 0.9427083333333334 0.3020833333333333 0.11458333333333333
2 0.6229166666666667 0.44583333333333336 0.2833333333333333 0.29375
2 0.36354166666666665 0.31979166666666664 0.33541666666666664 0.28541666666666665
2 0.5927083333333333 0.08645833333333333 0.30625 0.17291666666666666
2 0.7708333333333334 0.071875 0.2916666666666667 0.14375
2 0.559375 0.2125 0.35 0.33541666666666664
2 0.8135416666666667 0.353125 0.35208333333333336 0.3770833333333333
2 0.9041666666666667 0.49895833333333334 0.19166666666666668 0.3020833333333333
2 0.7166666666666667 0.6604166666666667 0.32708333333333334 0.30833333333333335
2 0.8833333333333333 0.7833333333333333 0.23333333333333334 0.30416666666666664
2 0.21875 0.44375 0.38333333333333336 0.29375
2 0.121875 0.3385416666666667 0.24375 0.3229166666666667
2 0.303125 0.14270833333333333 0.36666666666666664 0.2833333333333333
2 0.659375 0.8927083333333333 0.3020833333333333 0.21458333333333332
