2 0.8802083333333334 0.084375 0.16875 0.16875
2 0.8739583333333333 0.5 0.14166666666666666 0.16041666666666668
2 0.7666666666666667 0.778125 0.29583333333333334 0.3
2 0.7364583333333333 0.5708333333333333 0.32708333333333334 0.30416666666666664
2 0.934375 0.8614583333333333 0.13125 0.20208333333333334
2 0.5677083333333334 0.89375 0.19791666666666666 0.2125
2 0.38333333333333336 0.8635416666666667 0.2833333333333333 0.27291666666666664
2 0.13645833333333332 0.8114583333333333 0.23333333333333334 0.23958333333333334
2 0.5708333333333333 0.6583333333333333 0.23125 0.2708333333333333
2 0.60625 0.146875 0.29583333333333334 0.29375
2 0.6291666666666667 0.309375 0.24166666666666667 0.25
2 0.2916666666666667 0.11875 0.3375 0.23125
2 0.41770833333333335 0.25833333333333336 0.27708333333333335 0.30416666666666664
2 0.240625 0.340625 0.2604166666666667 0.27708333333333335
2 0.446875 0.459375 0.21458333333333332 0.20833333333333334
2 0.2864583333333333 0.6302083333333334 0.2520833333333333 0.27708333333333335
2 0.096875 0.5572916666666666 0.19375 0.3145833333333333
