2 0.9208333333333333 0.13645833333333332 0.15833333333333333 0.26458333333333334
2 0.765625 0.125 0.20625 0.175
2 0.5552083333333333 0.10625 0.24791666666666667 0.2125
2 0.275 0.10104166666666667 0.3458333333333333 0.20208333333333334
2 0.21041666666666667 0.2947916666666667 0.23541666666666666 0.26875
2 0.13854166666666667 0.371875 0.12916666666666668 0.1875
2 0.06145833333333333 0.8614583333333333 0.12291666666666666 0.21041666666666667
2 0.1375 0.9270833333333334 0.20416666666666666 0.1375
2 0.21666666666666667 0.834375 0.20416666666666666 0.14375
2 0.37083333333333335 0.9416666666666667 0.28541666666666665 0.11666666666666667
2 0.8302083333333333 0.3260416666666667 0.33958333333333335 0.23541666666666666
2 0.840625 0.521875 0.31875 0.2604166666666667
2 0.9177083333333333 0.8083333333333333 0.16041666666666668 0.35625
2 0.46770833333333334 0.353125 0.33125 0.34791666666666665
2 0.05416666666666667 0.47604166666666664 0.10833333333333334 0.18541666666666667
2 0.459375 0.5604166666666667 0.3375 0.25625
2 0.3625 0.7447916666666666 0.175 0.14791666666666667
2 0.18854166666666666 0.6010416666666667 0.32708333333333334 0.34791666666666665
2 0.7604166666666666 0.775 0.3104166666666667 0.33541666666666664
2 0.5885416666666666 0.6375 0.275 0.225
2 0.5177083333333333 0.8395833333333333 0.3125 0.2604166666666667
2 0.6583333333333333 0.2947916666666667 0.18333333333333332 0.17708333333333334
