2 0.04791666666666667 0.7145833333333333 0.09583333333333334 0.19166666666666668
2 0.07291666666666667 0.85 0.14583333333333334 0.17083333333333334
2 0.15208333333333332 0.7291666666666666 0.19791666666666666 0.2916666666666667
2 0.1 0.31666666666666665 0.19375 0.29583333333333334
2 0.9322916666666666 0.3625 0.13541666666666666 0.29583333333333334
2 0.9489583333333333 0.165625 0.10208333333333333 0.18541666666666667
2 0.8114583333333333 0.8447916666666667 0.3 0.2916666666666667
2 0.4791666666666667 0.865625 0.33541666666666664 0.24583333333333332
2 0.590625 0.7770833333333333 0.28541666666666665 0.2520833333333333
2 0.6614583333333334 0.24375 0.34791666666666665 0.3229166666666667
2 0.32916666666666666 0.15520833333333334 0.33125 0.3104166666666667
2 0.4510416666666667 0.3375 0.34791666666666665 0.3770833333333333
2 0.30833333333333335 0.575 0.26458333333333334 0.20833333333333334
2 0.3020833333333333 0.4114583333333333 0.22916666666666666 0.22916666666666666
2 0.7177083333333333 0.12604166666666666 0.2625 0.22291666666666668
2 0.6385416666666667 0.5375 0.2875 0.2833333333333333
2 0.7666666666666667 0.6864583333333333 0.26875 0.29375
2 0.4791666666666667 0.628125 0.25416666666666665 0.26666666666666666
