2 0.8802083333333334 0.175 0.23958333333333334 0.2625
2 0.88125 0.30520833333333336 0.2375 0.3229166666666667
2 0.7354166666666667 0.18854166666666666 0.32083333333333336 0.33541666666666664
2 0.4427083333333333 0.18958333333333333 0.38333333333333336 0.2875
2 0.35208333333333336 0.3572916666666667 0.375 0.3375
2 0.4552083333333333 0.51875 0.35 0.3458333333333333
2 0.5458333333333333 0.8010416666666667 0.24375 0.21458333333333332
2 0.284375 0.75625 0.31666666666666665 0.30833333333333335
2 0.14895833333333333 0.653125 0.2916666666666667 0.36041666666666666
2 0.12395833333333334 0.41875 0.24791666666666667 0.2708333333333333
2 0.246875 0.10833333333333334 0.38125 0.21666666666666667
2 0.15625 0.25416666666666665 0.26666666666666666 0.22708333333333333
2 0.790625 0.85625 0.33958333333333335 0.2875
2 0.6677083333333333 0.5677083333333334 0.3 0.31875
