2 0.14375 0.11145833333333334 0.26666666666666666 0.22291666666666668
2 0.34270833333333334 0.18020833333333333 0.26666666666666666 0.24375
2 0.421875 0.06979166666666667 0.29375 0.13958333333333334
2 0.6541666666666667 0.10208333333333333 0.19791666666666666 0.2
2 0.11770833333333333 0.5270833333333333 0.23541666666666666 0.25416666666666665
2 0.203125 0.890625 0.28958333333333336 0.20833333333333334
2 0.4666666666666667 0.8875 0.24583333333333332 0.18125
2 0.6916666666666667 0.7010416666666667 0.26458333333333334 0.24583333333333332
2 0.31145833333333334 0.3541666666666667 0.3458333333333333 0.32708333333333334
2 0.55625 0.246875 0.21041666666666667 0.24583333333333332
2 0.44375 0.684375 0.30625 0.23541666666666666
2 0.4125 0.5427083333333333 0.38125 0.37083333333333335
2 0.7489583333333333 0.5052083333333334 0.22916666666666666 0.19583333333333333
2 0.6270833333333333 0.43020833333333336 0.21458333333333332 0.29583333333333334
2 0.7291666666666666 0.25729166666666664 0.25625 0.3958333333333333
2 0.9052083333333333 0.3489583333333333 0.18958333333333333 0.3145833333333333
2 0.8385416666666666 0.83125 0.3104166666666667 0.3375
2 0.8875 0.684375 0.22083333333333333 0.23125
2 0.9020833333333333 0.9208333333333333 0.17083333333333334 0.15833333333333333
