2 0.8145833333333333 0.4635416666666667 0.29791666666666666 0.275
2 0.44479166666666664 0.22083333333333333 0.2625 0.26875
2 0.5197916666666667 0.37395833333333334 0.22708333333333333 0.20625
2 0.07291666666666667 0.15416666666666667 0.14583333333333334 0.17083333333333334
2 0.03125 0.23958333333333334 0.0625 0.18333333333333332
2 0.07916666666666666 0.34270833333333334 0.15833333333333333 0.20625
2 0.296875 0.32916666666666666 0.19166666666666668 0.23541666666666666
2 0.3625 0.9145833333333333 0.24166666666666667 0.17083333333333334
2 0.640625 0.8729166666666667 0.20625 0.24166666666666667
2 0.86875 0.8520833333333333 0.2375 0.19791666666666666
2 0.5791666666666667 0.6166666666666667 0.17916666666666667 0.30625
2 0.4395833333333333 0.5395833333333333 0.2375 0.21041666666666667
2 0.23020833333333332 0.59375 0.19375 0.18958333333333333
2 0.17604166666666668 0.7729166666666667 0.2791666666666667 0.24791666666666667
2 0.31666666666666665 0.7510416666666667 0.24791666666666667 0.225
2 0.5010416666666667 0.8302083333333333 0.21041666666666667 0.22291666666666668
2 0.07291666666666667 0.46770833333333334 0.14583333333333334 0.25625
2 0.19895833333333332 0.45208333333333334 0.225 0.19166666666666668
