2 0.10208333333333333 0.1375 0.19583333333333333 0.275
2 0.2791666666666667 0.18229166666666666 0.2520833333333333 0.2916666666666667
2 0.3489583333333333 0.08541666666666667 0.29375 0.17083333333333334
2 0.634375 0.11458333333333333 0.29791666666666666 0.22916666666666666
2 0.871875 0.08541666666666667 0.25625 0.1625
2 0.49270833333333336 0.21666666666666667 0.20625 0.20833333333333334
2 0.8729166666666667 0.23541666666666666 0.25416666666666665 0.23333333333333334
2 0.4 0.3802083333333333 0.3125 0.26875
2 0.621875 0.37395833333333334 0.29583333333333334 0.24791666666666667
2 0.871875 0.4 0.25625 0.24583333333333332
2 0.890625 0.5072916666666667 0.21875 0.23125
2 0.090625 0.38125 0.18125 0.225
2 0.14270833333333333 0.5510416666666667 0.28541666666666665 0.38958333333333334
2 0.090625 0.778125 0.18125 0.21041666666666667
2 0.16666666666666666 0.8802083333333334 0.20625 0.20208333333333334
2 0.2791666666666667 0.6604166666666667 0.20416666666666666 0.22083333333333333
2 0.4510416666666667 0.7114583333333333 0.20833333333333334 0.29583333333333334
2 0.5333333333333333 0.55 0.2375 0.22708333333333333
2 0.32395833333333335 0.7697916666666667 0.2708333333333333 0.30416666666666664
2 0.678125 0.5739583333333333 0.24583333333333332 0.25833333333333336
2 0.8427083333333333 0.6479166666666667 0.3145833333333333 0.24791666666666667
2 0.5916666666666667 0.74375 0.25833333333333336 0.23541666666666666
2 0.6916666666666667 0.79375 0.27291666666666664 0.25416666666666665
2 0.834375 0.859375 0.2625 0.19791666666666666
2 0.3 0.4479166666666667 0.17083333333333334 0.19583333333333333
