2 0.125 0.1125 0.19583333333333333 0.225
2 0.309375 0.11041666666666666 0.29375 0.22083333333333333
2 0.26979166666666665 0.25104166666666666 0.3104166666666667 0.24583333333333332
2 0.065625 0.56875 0.13125 0.2875
2 0.053125 0.7677083333333333 0.10625 0.23958333333333334
2 0.103125 0.9114583333333334 0.18333333333333332 0.11666666666666667
2 0.20729166666666668 0.8 0.26458333333333334 0.25
2 0.3104166666666667 0.903125 0.16875 0.17291666666666666
2 0.44375 0.9104166666666667 0.26666666666666666 0.17916666666666667
2 0.8729166666666667 0.9260416666666667 0.17916666666666667 0.14791666666666667
2 0.740625 0.9260416666666667 0.14791666666666667 0.14791666666666667
2 0.88125 0.753125 0.21458333333333332 0.26666666666666666
2 0.7052083333333333 0.8375 0.2708333333333333 0.21875
2 0.20208333333333334 0.43854166666666666 0.32083333333333336 0.24583333333333332
2 0.19479166666666667 0.6239583333333333 0.15208333333333332 0.15833333333333333
2 0.36041666666666666 0.6177083333333333 0.225 0.25833333333333336
2 0.36770833333333336 0.7791666666666667 0.2125 0.18125
2 0.5645833333333333 0.4895833333333333 0.21041666666666667 0.21875
2 0.6458333333333334 0.11979166666666667 0.225 0.23333333333333334
2 0.475 0.28541666666666665 0.23125 0.275
2 0.6395833333333333 0.29375 0.21458333333333332 0.27708333333333335
2 0.9125 0.14791666666666667 0.175 0.1625
2 0.84375 0.2708333333333333 0.3020833333333333 0.27291666666666664
2 0.5895833333333333 0.6822916666666666 0.28958333333333336 0.2791666666666667
2 0.7020833333333333 0.5427083333333333 0.23125 0.25625
2 0.8239583333333333 0.4791666666666667 0.19375 0.24375
