2 0.8875 0.203125 0.21875 0.28541666666666665
2 0.7864583333333334 0.08125 0.25625 0.1625
2 0.7010416666666667 0.24166666666666667 0.23125 0.21041666666666667
2 0.5447916666666667 0.0875 0.18125 0.175
2 0.240625 0.19479166666666667 0.21666666666666667 0.22083333333333333
2 0.10104166666666667 0.159375 0.20208333333333334 0.3020833333333333
2 0.24479166666666666 0.4166666666666667 0.1625 0.17708333333333334
2 0.14375 0.74375 0.2833333333333333 0.3104166666666667
2 0.409375 0.9135416666666667 0.22291666666666668 0.17291666666666666
2 0.8770833333333333 0.765625 0.23333333333333334 0.22916666666666666
2 0.8239583333333333 0.9010416666666666 0.1625 0.14375
2 0.8010416666666667 0.6135416666666667 0.23541666666666666 0.18958333333333333
2 0.721875 0.4197916666666667 0.35625 0.26666666666666666
2 0.5572916666666666 0.571875 0.23541666666666666 0.275
2 0.6572916666666667 0.859375 0.29791666666666666 0.2708333333333333
2 0.4427083333333333 0.7958333333333333 0.2791666666666667 0.15208333333333332
2 0.3927083333333333 0.6302083333333334 0.23125 0.26458333333333334
2 0.40208333333333335 0.43020833333333336 0.2708333333333333 0.24583333333333332
2 0.16354166666666667 0.4635416666666667 0.19375 0.19166666666666668
