2 0.7333333333333333 0.10625 0.2916666666666667 0.2125
2 0.7520833333333333 0.23645833333333333 0.22291666666666668 0.24791666666666667
2 0.4864583333333333 0.07395833333333333 0.24791666666666667 0.14791666666666667
2 0.29791666666666666 0.09270833333333334 0.29583333333333334 0.175
2 0.08229166666666667 0.2864583333333333 0.16458333333333333 0.17708333333333334
2 0.059375 0.4125 0.11875 0.19166666666666668
2 0.1125 0.7020833333333333 0.17916666666666667 0.20416666666666666
2 0.16666666666666666 0.8833333333333333 0.2125 0.23333333333333334
2 0.325 0.9520833333333333 0.17083333333333334 0.09583333333333334
2 0.4625 0.95 0.14166666666666666 0.1
2 0.9 0.8125 0.2 0.23333333333333334
2 0.7958333333333333 0.8416666666666667 0.24166666666666667 0.20833333333333334
2 0.9291666666666667 0.5697916666666667 0.14166666666666666 0.17291666666666666
2 0.5833333333333334 0.8520833333333333 0.27291666666666664 0.25833333333333336
2 0.684375 0.690625 0.19791666666666666 0.21041666666666667
2 0.796875 0.5552083333333333 0.29583333333333334 0.28125
2 0.66875 0.4583333333333333 0.29375 0.29791666666666666
2 0.478125 0.6989583333333333 0.3020833333333333 0.2375
2 0.4354166666666667 0.5270833333333333 0.25833333333333336 0.21666666666666667
2 0.084375 0.5229166666666667 0.16875 0.2
2 0.26458333333333334 0.50625 0.3 0.27291666666666664
2 0.2 0.3260416666666667 0.21458333333333332 0.2
2 0.29791666666666666 0.24583333333333332 0.275 0.27291666666666664
2 0.515625 0.2708333333333333 0.26875 0.33125
2 0.628125 0.20208333333333334 0.19791666666666666 0.24375
