2 0.8427083333333333 0.115625 0.25625 0.23125
2 0.5833333333333334 0.8802083333333334 0.26666666666666666 0.23958333333333334
2 0.41875 0.9447916666666667 0.21666666666666667 0.11041666666666666
2 0.09479166666666666 0.934375 0.11458333333333333 0.13125
2 0.18333333333333332 0.8364583333333333 0.2916666666666667 0.26458333333333334
2 0.059375 0.246875 0.11875 0.22708333333333333
2 0.9229166666666667 0.8479166666666667 0.15416666666666667 0.23333333333333334
2 0.909375 0.7145833333333333 0.18125 0.25416666666666665
2 0.9020833333333333 0.515625 0.19583333333333333 0.26458333333333334
2 0.7916666666666666 0.54375 0.17708333333333334 0.20625
2 0.6916666666666667 0.64375 0.2708333333333333 0.29791666666666666
2 0.9364583333333333 0.32395833333333335 0.11458333333333333 0.2125
2 0.8770833333333333 0.30416666666666664 0.23333333333333334 0.2708333333333333
2 0.8135416666666667 0.21041666666666667 0.19375 0.19166666666666668
2 0.609375 0.13020833333333334 0.30625 0.2604166666666667
2 0.6322916666666667 0.3697916666666667 0.29375 0.3375
2 0.4739583333333333 0.27708333333333335 0.175 0.24166666666666667
2 0.31875 0.228125 0.17083333333333334 0.23333333333333334
2 0.15729166666666666 0.25416666666666665 0.19583333333333333 0.19166666666666668
2 0.19583333333333333 0.09791666666666667 0.23125 0.16041666666666668
2 0.053125 0.46458333333333335 0.10625 0.19583333333333333
2 0.5 0.5677083333333334 0.27291666666666664 0.275
2 0.265625 0.409375 0.23541666666666666 0.22291666666666668
2 0.36666666666666664 0.5479166666666667 0.21458333333333332 0.24375
2 0.09583333333333334 0.6479166666666667 0.14375 0.15625
