2 0.15625 0.8958333333333334 0.3125 0.19583333333333333
2 0.2635416666666667 0.7625 0.11041666666666666 0.14583333333333334
2 0.10520833333333333 0.6302083333333334 0.21041666666666667 0.2520833333333333
2 0.14479166666666668 0.3770833333333333 0.28958333333333336 0.28125
2 0.2760416666666667 0.234375 0.28541666666666665 0.16041666666666668
2 0.45625 0.13645833333333332 0.21458333333333332 0.22291666666666668
2 0.7604166666666666 0.096875 0.22708333333333333 0.18333333333333332
2 0.4583333333333333 0.421875 0.29791666666666666 0.2520833333333333
2 0.378125 0.565625 0.21041666666666667 0.20625
2 0.509375 0.78125 0.21458333333333332 0.24375
2 0.7708333333333334 0.9135416666666667 0.16875 0.15625
2 0.8916666666666667 0.90625 0.19583333333333333 0.1875
2 0.70625 0.35208333333333336 0.33125 0.32083333333333336
2 0.6020833333333333 0.678125 0.36666666666666664 0.16875
