2 0.2916666666666667 0.06354166666666666 0.19166666666666668 0.12708333333333333
2 0.14166666666666666 0.1125 0.22916666666666666 0.225
2 0.31666666666666665 0.16354166666666667 0.11666666666666667 0.15625
2 0.6458333333333334 0.11875 0.25833333333333336 0.23125
2 0.8135416666666667 0.22604166666666667 0.20208333333333334 0.21875
2 0.9479166666666666 0.26666666666666666 0.10416666666666667 0.23333333333333334
2 0.8729166666666667 0.11979166666666667 0.25416666666666665 0.18958333333333333
2 0.8479166666666667 0.8645833333333334 0.25416666666666665 0.2708333333333333
2 0.8635416666666667 0.49166666666666664 0.27291666666666664 0.30833333333333335
2 0.7479166666666667 0.4197916666666667 0.19791666666666666 0.23958333333333334
2 0.675 0.26875 0.14583333333333334 0.15416666666666667
2 0.5072916666666667 0.24270833333333333 0.2708333333333333 0.26875
2 0.203125 0.24791666666666667 0.22291666666666668 0.22083333333333333
2 0.09791666666666667 0.36666666666666664 0.19583333333333333 0.23958333333333334
2 0.09583333333333334 0.5552083333333333 0.19166666666666668 0.23125
2 0.13645833333333332 0.846875 0.22916666666666666 0.2125
2 0.05625 0.8677083333333333 0.1125 0.18541666666666667
2 0.4239583333333333 0.928125 0.28541666666666665 0.14375
2 0.8114583333333333 0.7125 0.24791666666666667 0.26875
2 0.653125 0.8739583333333333 0.21041666666666667 0.2520833333333333
2 0.696875 0.5645833333333333 0.17708333333333334 0.21041666666666667
2 0.5802083333333333 0.7072916666666667 0.23541666666666666 0.23333333333333334
2 0.4041666666666667 0.7395833333333334 0.18958333333333333 0.25
2 0.25416666666666665 0.7333333333333333 0.21666666666666667 0.2375
2 0.253125 0.55 0.25833333333333336 0.2604166666666667
2 0.35520833333333335 0.32395833333333335 0.25625 0.24375
2 0.590625 0.4322916666666667 0.19166666666666668 0.23125
2 0.48541666666666666 0.5302083333333333 0.28541666666666665 0.22083333333333333
