2 0.6364583333333333 0.703125 0.1375 0.16875
2 0.7958333333333333 0.734375 0.3145833333333333 0.23125
2 0.6833333333333333 0.8989583333333333 0.29583333333333334 0.20208333333333334
2 0.5229166666666667 0.9020833333333333 0.19375 0.19583333333333333
2 0.3958333333333333 0.865625 0.15416666666666667 0.17916666666666667
2 0.09791666666666667 0.8302083333333333 0.19583333333333333 0.2520833333333333
2 0.096875 0.6260416666666667 0.19375 0.20833333333333334
2 0.08020833333333334 0.40520833333333334 0.16041666666666668 0.21875
2 0.32708333333333334 0.6052083333333333 0.2125 0.17291666666666666
2 0.7614583333333333 0.5645833333333333 0.21875 0.16458333333333333
2 0.6364583333333333 0.48020833333333335 0.3229166666666667 0.20208333333333334
2 0.5458333333333333 0.30104166666666665 0.29375 0.25625
2 0.3104166666666667 0.190625 0.3145833333333333 0.28541666666666665
2 0.246875 0.41770833333333335 0.24583333333333332 0.22708333333333333
2 0.1625 0.24270833333333333 0.19166666666666668 0.18333333333333332
2 0.06875 0.23020833333333332 0.1375 0.19791666666666666
2 0.14375 0.040625 0.10416666666666667 0.07291666666666667
2 0.034375 0.08229166666666667 0.06875 0.07291666666666667
2 0.8979166666666667 0.46458333333333335 0.12291666666666666 0.08958333333333333
