2 0.16979166666666667 0.6354166666666666 0.09583333333333334 0.10625
2 0.378125 0.6125 0.11875 0.10208333333333333
2 0.128125 0.2625 0.18958333333333333 0.18125
2 0.3260416666666667 0.17708333333333334 0.18333333333333332 0.17291666666666666
2 0.5145833333333333 0.09166666666666666 0.22083333333333333 0.18333333333333332
2 0.10833333333333334 0.09895833333333333 0.19791666666666666 0.12916666666666668
2 0.7916666666666666 0.11875 0.35 0.2375
2 0.9083333333333333 0.15625 0.12291666666666666 0.15416666666666667
2 0.8114583333333333 0.32083333333333336 0.24375 0.225
2 0.9333333333333333 0.3416666666666667 0.1125 0.10625
2 0.8020833333333334 0.5041666666666667 0.1375 0.12916666666666668
2 0.9395833333333333 0.546875 0.12083333333333333 0.12708333333333333
2 0.7927083333333333 0.7020833333333333 0.14583333333333334 0.13125
2 0.9416666666666667 0.7854166666666667 0.11666666666666667 0.17083333333333334
2 0.59375 0.834375 0.11666666666666667 0.10208333333333333
2 0.27291666666666664 0.9708333333333333 0.15416666666666667 0.058333333333333334
2 0.43333333333333335 0.9520833333333333 0.1625 0.09583333333333334
2 0.8583333333333333 0.8989583333333333 0.17083333333333334 0.13958333333333334
