2 0.7604166666666666 0.08645833333333333 0.35833333333333334 0.17291666666666666
2 0.7479166666666667 0.140625 0.32916666666666666 0.28125
2 0.7895833333333333 0.734375 0.3854166666666667 0.39791666666666664
2 0.7625 0.40729166666666666 0.3020833333333333 0.3229166666666667
2 0.5927083333333333 0.4114583333333333 0.30625 0.38125
2 0.43125 0.4583333333333333 0.40625 0.4708333333333333
2 0.37916666666666665 0.79375 0.41458333333333336 0.32916666666666666
2 0.5541666666666667 0.834375 0.4125 0.33125
2 0.9125 0.728125 0.175 0.3145833333333333
2 0.165625 0.628125 0.33125 0.33541666666666664
2 0.221875 0.20520833333333333 0.24375 0.30833333333333335
2 0.4010416666666667 0.26666666666666666 0.34375 0.31666666666666665
2 0.1125 0.27708333333333335 0.225 0.45
2 0.3885416666666667 0.09895833333333333 0.29375 0.19791666666666666
2 0.6135416666666667 0.134375 0.39375 0.26875
