2 0.8520833333333333 0.4395833333333333 0.29583333333333334 0.30833333333333335
2 0.9010416666666666 0.6447916666666667 0.19791666666666666 0.3145833333333333
2 0.8520833333333333 0.8208333333333333 0.28958333333333336 0.3020833333333333
2 0.6802083333333333 0.8708333333333333 0.25625 0.24583333333333332
2 0.20520833333333333 0.940625 0.16875 0.11875
2 0.81875 0.103125 0.2375 0.20625
2 0.6677083333333333 0.178125 0.2833333333333333 0.2875
2 0.6625 0.32083333333333336 0.18333333333333332 0.19791666666666666
2 0.6864583333333333 0.6447916666666667 0.29791666666666666 0.28958333333333336
2 0.45 0.7822916666666667 0.35208333333333336 0.32083333333333336
2 0.278125 0.725 0.26666666666666666 0.25833333333333336
2 0.12083333333333333 0.590625 0.24166666666666667 0.34791666666666665
2 0.5260416666666666 0.44479166666666664 0.3145833333333333 0.3458333333333333
2 0.35625 0.5270833333333333 0.33125 0.24166666666666667
2 0.378125 0.35520833333333335 0.225 0.24583333333333332
2 0.16145833333333334 0.32083333333333336 0.3 0.33958333333333335
2 0.0625 0.15416666666666667 0.125 0.22083333333333333
2 0.5447916666666667 0.12395833333333334 0.22291666666666668 0.24791666666666667
2 0.32395833333333335 0.14791666666666667 0.3416666666666667 0.29375
