2 0.15520833333333334 0.4510416666666667 0.24791666666666667 0.2833333333333333
2 0.128125 0.5989583333333334 0.25625 0.21875
2 0.259375 0.9135416666666667 0.22291666666666668 0.17291666666666666
2 0.38645833333333335 0.59375 0.28125 0.23541666666666666
2 0.22291666666666668 0.7104166666666667 0.20833333333333334 0.18333333333333332
2 0.4114583333333333 0.8010416666666667 0.29583333333333334 0.23958333333333334
2 0.5104166666666666 0.9270833333333334 0.2375 0.14583333333333334
2 0.815625 0.38645833333333335 0.22083333333333333 0.22291666666666668
2 0.7729166666666667 0.12708333333333333 0.31666666666666665 0.25416666666666665
2 0.5520833333333334 0.21354166666666666 0.21666666666666667 0.22291666666666668
2 0.38229166666666664 0.3072916666666667 0.24791666666666667 0.3104166666666667
2 0.21979166666666666 0.21979166666666666 0.225 0.24375
2 0.20208333333333334 0.0875 0.2375 0.13958333333333334
2 0.6229166666666667 0.38645833333333335 0.28125 0.22291666666666668
2 0.7010416666666667 0.5416666666666666 0.26875 0.1875
2 0.909375 0.4947916666666667 0.18125 0.18125
2 0.871875 0.678125 0.25625 0.22291666666666668
2 0.665625 0.7104166666666667 0.3375 0.24166666666666667
2 0.915625 0.8260416666666667 0.16875 0.19791666666666666
2 0.73125 0.878125 0.275 0.20625
