2 0.42083333333333334 0.24375 0.32916666666666666 0.30416666666666664
2 0.8583333333333333 0.5010416666666667 0.28125 0.30416666666666664
2 0.6854166666666667 0.37604166666666666 0.25 0.30416666666666664
2 0.5520833333333334 0.3645833333333333 0.21666666666666667 0.25
2 0.859375 0.2625 0.24375 0.2520833333333333
2 0.775 0.17916666666666667 0.25 0.25416666666666665
2 0.5197916666666667 0.08229166666666667 0.27708333333333335 0.16458333333333333
2 0.16145833333333334 0.12604166666666666 0.23541666666666666 0.2520833333333333
2 0.17291666666666666 0.23229166666666667 0.19375 0.21666666666666667
2 0.2635416666666667 0.440625 0.29583333333333334 0.2916666666666667
2 0.12604166666666666 0.4114583333333333 0.2520833333333333 0.2604166666666667
2 0.13958333333333334 0.5541666666666667 0.20416666666666666 0.225
2 0.26145833333333335 0.6447916666666667 0.2375 0.26458333333333334
2 0.2375 0.7645833333333333 0.20625 0.21875
2 0.10520833333333333 0.6916666666666667 0.21041666666666667 0.3333333333333333
2 0.11770833333333333 0.8145833333333333 0.23541666666666666 0.22083333333333333
2 0.058333333333333334 0.7760416666666666 0.11666666666666667 0.29791666666666666
2 0.3416666666666667 0.8958333333333334 0.275 0.20833333333333334
2 0.4947916666666667 0.8760416666666667 0.2520833333333333 0.24791666666666667
2 0.4583333333333333 0.709375 0.2625 0.31875
2 0.34270833333333334 0.5614583333333333 0.1625 0.18958333333333333
2 0.440625 0.4427083333333333 0.17708333333333334 0.22083333333333333
2 0.5395833333333333 0.4947916666666667 0.19166666666666668 0.17916666666666667
2 0.6510416666666666 0.6614583333333334 0.2520833333333333 0.20416666666666666
2 0.7239583333333334 0.7739583333333333 0.16458333333333333 0.17916666666666667
2 0.7979166666666667 0.9135416666666667 0.275 0.17291666666666666
2 0.9572916666666667 0.19166666666666668 0.08541666666666667 0.22916666666666666
