2 0.13229166666666667 0.6875 0.26458333333333334 0.375
2 0.11458333333333333 0.8614583333333333 0.22916666666666666 0.18125
2 0.359375 0.9083333333333333 0.2604166666666667 0.18333333333333332
2 0.3489583333333333 0.809375 0.34375 0.33541666666666664
2 0.2677083333333333 0.5895833333333333 0.2791666666666667 0.2791666666666667
2 0.4625 0.5885416666666666 0.3125 0.30833333333333335
2 0.421875 0.134375 0.28541666666666665 0.26875
2 0.7947916666666667 0.8208333333333333 0.35 0.35625
2 0.7697916666666667 0.5270833333333333 0.3104166666666667 0.3458333333333333
2 0.8729166666666667 0.33229166666666665 0.25416666666666665 0.28958333333333336
2 0.5552083333333333 0.42916666666666664 0.375 0.29375
2 0.6864583333333333 0.25625 0.35208333333333336 0.325
2 0.728125 0.13645833333333332 0.32916666666666666 0.2520833333333333
2 0.084375 0.365625 0.16875 0.30625
2 0.240625 0.23229166666666667 0.3458333333333333 0.3541666666666667
2 0.5677083333333334 0.8135416666666667 0.27291666666666664 0.2791666666666667
