2 0.9114583333333334 0.721875 0.17708333333333334 0.27708333333333335
2 0.90625 0.8958333333333334 0.18125 0.16458333333333333
2 0.7927083333333333 0.825 0.13541666666666666 0.21666666666666667
2 0.22395833333333334 0.5708333333333333 0.2833333333333333 0.22291666666666668
2 0.13020833333333334 0.7364583333333333 0.20416666666666666 0.2125
2 0.2833333333333333 0.9145833333333333 0.2125 0.17083333333333334
2 0.5645833333333333 0.6802083333333333 0.21666666666666667 0.24375
2 0.4552083333333333 0.7875 0.20416666666666666 0.2604166666666667
2 0.6270833333333333 0.8927083333333333 0.21875 0.2125
2 0.54375 0.43645833333333334 0.2604166666666667 0.2604166666666667
2 0.16875 0.421875 0.27708333333333335 0.22708333333333333
2 0.1125 0.2989583333333333 0.225 0.24791666666666667
2 0.13645833333333332 0.109375 0.27291666666666664 0.18958333333333333
2 0.465625 0.07395833333333333 0.3145833333333333 0.14791666666666667
2 0.4875 0.27291666666666664 0.17916666666666667 0.16041666666666668
2 0.5958333333333333 0.19791666666666666 0.24166666666666667 0.23958333333333334
2 0.70625 0.07395833333333333 0.20833333333333334 0.14791666666666667
2 0.7958333333333333 0.2125 0.19791666666666666 0.225
2 0.8947916666666667 0.321875 0.2 0.19375
2 0.790625 0.378125 0.19375 0.20416666666666666
2 0.8895833333333333 0.5052083333333334 0.22083333333333333 0.24375
