2 0.7864583333333334 0.25729166666666664 0.28125 0.3229166666666667
2 0.6416666666666667 0.08854166666666667 0.21666666666666667 0.175
2 0.45 0.10416666666666667 0.30416666666666664 0.20833333333333334
2 0.8 0.9375 0.22083333333333333 0.125
2 0.5416666666666666 0.8875 0.2708333333333333 0.225
2 0.315625 0.853125 0.3020833333333333 0.2791666666666667
2 0.13125 0.8364583333333333 0.15416666666666667 0.16666666666666666
2 0.08645833333333333 0.7177083333333333 0.10416666666666667 0.11875
2 0.08333333333333333 0.6229166666666667 0.16666666666666666 0.29583333333333334
2 0.8989583333333333 0.534375 0.20208333333333334 0.3020833333333333
2 0.8708333333333333 0.7260416666666667 0.20416666666666666 0.19583333333333333
2 0.6916666666666667 0.76875 0.33958333333333335 0.29583333333333334
2 0.7291666666666666 0.56875 0.35208333333333336 0.3729166666666667
2 0.44166666666666665 0.6333333333333333 0.44375 0.3854166666666667
2 0.17604166666666668 0.515625 0.32916666666666666 0.30416666666666664
2 0.28229166666666666 0.38229166666666664 0.30625 0.3125
2 0.55 0.31979166666666664 0.28958333333333336 0.29791666666666666
2 0.40208333333333335 0.19895833333333332 0.30416666666666664 0.26458333333333334
