2 0.090625 0.14375 0.18125 0.24166666666666667
2 0.8041666666666667 0.08229166666666667 0.3416666666666667 0.16458333333333333
2 0.6697916666666667 0.10520833333333333 0.19375 0.21041666666666667
2 0.4822916666666667 0.08958333333333333 0.29791666666666666 0.17916666666666667
2 0.309375 0.1 0.3541666666666667 0.19791666666666666
2 0.178125 0.21875 0.3125 0.26666666666666666
2 0.271875 0.34791666666666665 0.2125 0.19583333333333333
2 0.115625 0.43333333333333335 0.23125 0.20416666666666666
2 0.7916666666666666 0.253125 0.21041666666666667 0.20208333333333334
2 0.9166666666666666 0.2520833333333333 0.14791666666666667 0.20416666666666666
2 0.05520833333333333 0.525 0.11041666666666666 0.23333333333333334
2 0.128125 0.6666666666666666 0.25 0.23333333333333334
2 0.25104166666666666 0.8239583333333333 0.21666666666666667 0.18958333333333333
2 0.48333333333333334 0.8385416666666666 0.24375 0.26458333333333334
2 0.6416666666666667 0.878125 0.30416666666666664 0.24375
2 0.5072916666666667 0.21666666666666667 0.29583333333333334 0.27291666666666664
2 0.8520833333333333 0.4791666666666667 0.26875 0.2791666666666667
2 0.9135416666666667 0.6395833333333333 0.17291666666666666 0.21666666666666667
2 0.884375 0.7916666666666666 0.23125 0.22916666666666666
2 0.7125 0.6833333333333333 0.25416666666666665 0.25833333333333336
2 0.6229166666666667 0.4979166666666667 0.29583333333333334 0.35208333333333336
2 0.484375 0.41770833333333335 0.23333333333333334 0.21666666666666667
2 0.2833333333333333 0.50625 0.26458333333333334 0.22916666666666666
2 0.3385416666666667 0.6583333333333333 0.2 0.24375
