2 0.9208333333333333 0.78125 0.15416666666666667 0.32083333333333336
2 0.8947916666666667 0.515625 0.1875 0.2125
2 0.878125 0.18333333333333332 0.24375 0.3458333333333333
2 0.7708333333333334 0.43020833333333336 0.23541666666666666 0.325
2 0.6791666666666667 0.128125 0.13541666666666666 0.21666666666666667
2 0.5197916666666667 0.11145833333333334 0.33958333333333335 0.22291666666666668
2 0.659375 0.36354166666666665 0.225 0.31666666666666665
2 0.7885416666666667 0.8791666666666667 0.3229166666666667 0.24166666666666667
2 0.709375 0.65625 0.2875 0.2791666666666667
2 0.425 0.853125 0.31666666666666665 0.2916666666666667
2 0.18020833333333333 0.8302083333333333 0.28541666666666665 0.25416666666666665
2 0.5145833333333333 0.625 0.28541666666666665 0.31666666666666665
2 0.33645833333333336 0.6395833333333333 0.225 0.2520833333333333
2 0.11875 0.6760416666666667 0.2375 0.23958333333333334
2 0.19791666666666666 0.51875 0.22291666666666668 0.19166666666666668
2 0.46145833333333336 0.32395833333333335 0.29583333333333334 0.32083333333333336
2 0.2833333333333333 0.175 0.2875 0.22916666666666666
2 0.2833333333333333 0.3729166666666667 0.21875 0.24583333333333332
2 0.090625 0.38958333333333334 0.18125 0.2375
