2 0.8958333333333334 0.7375 0.20833333333333334 0.3
2 0.9135416666666667 0.503125 0.17291666666666666 0.33958333333333335
2 0.8854166666666666 0.1875 0.17916666666666667 0.34375
2 0.7114583333333333 0.05 0.32708333333333334 0.1
2 0.7697916666666667 0.209375 0.29583333333333334 0.375
2 0.42916666666666664 0.09479166666666666 0.2833333333333333 0.18958333333333333
2 0.20208333333333334 0.16145833333333334 0.35 0.2708333333333333
2 0.115625 0.35625 0.23125 0.3458333333333333
2 0.6302083333333334 0.22916666666666666 0.28958333333333336 0.32916666666666666
2 0.4479166666666667 0.2552083333333333 0.29583333333333334 0.28541666666666665
2 0.28020833333333334 0.30104166666666665 0.2916666666666667 0.25
2 0.23020833333333332 0.4875 0.2375 0.27291666666666664
2 0.15104166666666666 0.6135416666666667 0.3020833333333333 0.3229166666666667
2 0.259375 0.8375 0.36041666666666666 0.325
2 0.5239583333333333 0.8958333333333334 0.33541666666666664 0.20833333333333334
2 0.7395833333333334 0.43645833333333334 0.3458333333333333 0.31875
2 0.48125 0.4895833333333333 0.37083333333333335 0.325
2 0.4791666666666667 0.7041666666666667 0.3458333333333333 0.33958333333333335
2 0.728125 0.6479166666666667 0.3541666666666667 0.33958333333333335
2 0.7822916666666667 0.8520833333333333 0.35625 0.25416666666666665
