2 0.14270833333333333 0.48333333333333334 0.28541666666666665 0.3
2 0.11979166666666667 0.26979166666666665 0.225 0.30833333333333335
2 0.221875 0.13020833333333334 0.28125 0.2604166666666667
2 0.4 0.109375 0.25 0.21875
2 0.884375 0.11145833333333334 0.16458333333333333 0.15416666666666667
2 0.10729166666666666 0.8479166666666667 0.21458333333333332 0.25416666666666665
2 0.26875 0.7791666666666667 0.275 0.2791666666666667
2 0.30416666666666664 0.640625 0.17916666666666667 0.19375
2 0.34791666666666665 0.31979166666666664 0.28958333333333336 0.28125
2 0.6072916666666667 0.234375 0.34375 0.3125
2 0.7635416666666667 0.3260416666666667 0.2604166666666667 0.25
2 0.8864583333333333 0.4895833333333333 0.22708333333333333 0.3416666666666667
2 0.4625 0.5479166666666667 0.30416666666666664 0.3375
2 0.646875 0.503125 0.325 0.23125
2 0.5885416666666666 0.6677083333333333 0.21875 0.23958333333333334
2 0.79375 0.7447916666666666 0.28958333333333336 0.33125
2 0.88125 0.9125 0.17916666666666667 0.175
2 0.37395833333333334 0.8666666666666667 0.21458333333333332 0.2625
2 0.5989583333333334 0.86875 0.33541666666666664 0.2625
