2 0.328125 0.13020833333333334 0.16875 0.18333333333333332
2 0.4083333333333333 0.06041666666666667 0.22916666666666666 0.12083333333333333
2 0.540625 0.17083333333333334 0.29375 0.24583333333333332
2 0.878125 0.21354166666666666 0.24375 0.26875
2 0.8864583333333333 0.4583333333333333 0.22708333333333333 0.3
2 0.76875 0.8510416666666667 0.15 0.18333333333333332
2 0.7270833333333333 0.71875 0.20833333333333334 0.21041666666666667
2 0.6583333333333333 0.5447916666666667 0.28541666666666665 0.20208333333333334
2 0.6489583333333333 0.31979166666666664 0.14791666666666667 0.17291666666666666
2 0.5479166666666667 0.37604166666666666 0.2375 0.31666666666666665
2 0.33645833333333336 0.30520833333333336 0.15625 0.20833333333333334
2 0.19479166666666667 0.3645833333333333 0.35833333333333334 0.3416666666666667
2 0.6177083333333333 0.95 0.11041666666666666 0.1
2 0.584375 0.8270833333333333 0.15416666666666667 0.13541666666666666
2 0.4979166666666667 0.6958333333333333 0.20833333333333334 0.2375
2 0.265625 0.5854166666666667 0.23125 0.22916666666666666
2 0.16041666666666668 0.7020833333333333 0.15416666666666667 0.14583333333333334
2 0.390625 0.8041666666666667 0.23541666666666666 0.16875
2 0.24375 0.853125 0.20416666666666666 0.20625
2 0.08645833333333333 0.8541666666666666 0.17291666666666666 0.175
