2 0.6572916666666667 0.8677083333333333 0.23541666666666666 0.23333333333333334
2 0.5364583333333334 0.6729166666666667 0.23541666666666666 0.22083333333333333
2 0.39479166666666665 0.5885416666666666 0.20416666666666666 0.26875
2 0.22916666666666666 0.5479166666666667 0.25 0.24375
2 0.12708333333333333 0.44166666666666665 0.25416666666666665 0.2833333333333333
2 0.07395833333333333 0.6802083333333333 0.14166666666666666 0.2
2 0.11875 0.8739583333333333 0.2125 0.2520833333333333
2 0.27395833333333336 0.9083333333333333 0.30625 0.18333333333333332
2 0.21666666666666667 0.771875 0.2520833333333333 0.21458333333333332
2 0.44895833333333335 0.8375 0.275 0.23125
2 0.29791666666666666 0.06666666666666667 0.21041666666666667 0.12291666666666666
2 0.3645833333333333 0.19166666666666668 0.17291666666666666 0.275
2 0.5239583333333333 0.22708333333333333 0.22291666666666668 0.25416666666666665
2 0.559375 0.38125 0.19583333333333333 0.18541666666666667
2 0.653125 0.48333333333333334 0.13125 0.13541666666666666
2 0.8020833333333334 0.6385416666666667 0.2604166666666667 0.21041666666666667
2 0.8322916666666667 0.4010416666666667 0.2833333333333333 0.20208333333333334
2 0.7916666666666666 0.13541666666666666 0.26666666666666666 0.2520833333333333
2 0.6395833333333333 0.053125 0.23333333333333334 0.10625
2 0.9260416666666667 0.18958333333333333 0.11041666666666666 0.175
2 0.921875 0.08333333333333333 0.11041666666666666 0.16666666666666666
