2 0.165625 0.9458333333333333 0.18958333333333333 0.10833333333333334
2 0.09895833333333333 0.6447916666666667 0.19166666666666668 0.19583333333333333
2 0.3145833333333333 0.5583333333333333 0.25833333333333336 0.23333333333333334
2 0.15208333333333332 0.375 0.2375 0.21458333333333332
2 0.06458333333333334 0.2791666666666667 0.12916666666666668 0.21666666666666667
2 0.0625 0.11770833333333333 0.125 0.16041666666666668
2 0.36041666666666666 0.4010416666666667 0.24166666666666667 0.1625
2 0.23020833333333332 0.18333333333333332 0.2520833333333333 0.2916666666666667
2 0.47708333333333336 0.303125 0.16875 0.14375
2 0.49583333333333335 0.16145833333333334 0.2625 0.18125
2 0.8583333333333333 0.17083333333333334 0.24791666666666667 0.32083333333333336
2 0.7666666666666667 0.38229166666666664 0.26666666666666666 0.28125
2 0.8166666666666667 0.571875 0.30625 0.25833333333333336
2 0.7291666666666666 0.775 0.32708333333333334 0.28958333333333336
2 0.55625 0.9072916666666667 0.26666666666666666 0.18541666666666667
2 0.9322916666666666 0.8635416666666667 0.13541666666666666 0.19791666666666666
2 0.8114583333333333 0.9166666666666666 0.27708333333333335 0.13333333333333333
