2 0.834375 0.2760416666666667 0.26458333333333334 0.25625
2 0.828125 0.10625 0.21041666666666667 0.2125
2 0.66875 0.1625 0.27708333333333335 0.3
2 0.5916666666666667 0.08333333333333333 0.26666666666666666 0.16666666666666666
2 0.3489583333333333 0.14375 0.34375 0.2875
2 0.035416666666666666 0.22708333333333333 0.07083333333333333 0.24583333333333332
2 0.12291666666666666 0.3125 0.24583333333333332 0.325
2 0.3020833333333333 0.5479166666666667 0.2625 0.25833333333333336
2 0.346875 0.3572916666666667 0.2520833333333333 0.26875
2 0.8822916666666667 0.5010416666666667 0.23541666666666666 0.3104166666666667
2 0.746875 0.7364583333333333 0.28541666666666665 0.27708333333333335
2 0.7354166666666667 0.5239583333333333 0.26666666666666666 0.29583333333333334
2 0.5510416666666667 0.5708333333333333 0.24375 0.2520833333333333
2 0.5729166666666666 0.375 0.3333333333333333 0.34375
2 0.23020833333333332 0.9364583333333333 0.27708333333333335 0.12708333333333333
2 0.26666666666666666 0.7895833333333333 0.37916666666666665 0.42083333333333334
2 0.925 0.6791666666666667 0.15 0.20416666666666666
