2 0.7020833333333333 0.8302083333333333 0.2520833333333333 0.25625
2 0.8625 0.659375 0.275 0.27291666666666664
2 0.8979166666666667 0.47291666666666665 0.20416666666666666 0.30416666666666664
2 0.6875 0.578125 0.2875 0.3375
2 0.5333333333333333 0.6322916666666667 0.25416666666666665 0.30625
2 0.384375 0.8708333333333333 0.38958333333333334 0.25833333333333336
2 0.15416666666666667 0.9572916666666667 0.18333333333333332 0.08541666666666667
2 0.225 0.8208333333333333 0.30625 0.25833333333333336
2 0.45416666666666666 0.7104166666666667 0.24166666666666667 0.24375
2 0.3572916666666667 0.73125 0.23125 0.18541666666666667
2 0.12604166666666666 0.6458333333333334 0.24791666666666667 0.24375
2 0.35 0.515625 0.3125 0.20625
2 0.13125 0.44166666666666665 0.2625 0.3416666666666667
2 0.790625 0.303125 0.30416666666666664 0.3
2 0.5458333333333333 0.34270833333333334 0.28541666666666665 0.24583333333333332
2 0.865625 0.08229166666666667 0.16875 0.16458333333333333
2 0.671875 0.1125 0.30625 0.225
2 0.5875 0.19895833333333332 0.24583333333333332 0.2125
2 0.428125 0.1125 0.28958333333333336 0.225
2 0.38645833333333335 0.25 0.28541666666666665 0.26875
2 0.16979166666666667 0.16875 0.33958333333333335 0.26666666666666666
