2 0.8541666666666666 0.15520833333333334 0.2916666666666667 0.26875
2 0.4239583333333333 0.13020833333333334 0.3145833333333333 0.2604166666666667
2 0.5677083333333334 0.20625 0.30625 0.26666666666666666
2 0.15520833333333334 0.3770833333333333 0.3104166666666667 0.3375
2 0.18229166666666666 0.13229166666666667 0.30625 0.26458333333333334
2 0.28020833333333334 0.85625 0.2916666666666667 0.24791666666666667
2 0.14375 0.6916666666666667 0.2875 0.25416666666666665
2 0.784375 0.4270833333333333 0.29583333333333334 0.3729166666666667
2 0.6520833333333333 0.434375 0.2791666666666667 0.26458333333333334
2 0.2947916666666667 0.234375 0.2520833333333333 0.2625
2 0.459375 0.484375 0.3125 0.275
2 0.4947916666666667 0.7114583333333333 0.37083333333333335 0.3104166666666667
2 0.46458333333333335 0.8572916666666667 0.2604166666666667 0.25
2 0.65625 0.878125 0.3 0.24375
2 0.8489583333333334 0.834375 0.26458333333333334 0.33125
2 0.8291666666666667 0.6104166666666667 0.3375 0.28125
2 0.7447916666666666 0.7229166666666667 0.2625 0.19583333333333333
2 0.11145833333333334 0.59375 0.22291666666666668 0.2875
