2 0.16458333333333333 0.7604166666666666 0.2520833333333333 0.2791666666666667
2 0.06041666666666667 0.578125 0.12083333333333333 0.21875
2 0.05416666666666667 0.3958333333333333 0.10833333333333334 0.2625
2 0.68125 0.875 0.2604166666666667 0.2375
2 0.884375 0.8385416666666666 0.23125 0.23958333333333334
2 0.9270833333333334 0.6979166666666666 0.14583333333333334 0.22916666666666666
2 0.409375 0.8572916666666667 0.3104166666666667 0.28541666666666665
2 0.17083333333333334 0.14479166666666668 0.3 0.23541666666666666
2 0.5635416666666667 0.07291666666666667 0.2604166666666667 0.14583333333333334
2 0.728125 0.115625 0.21875 0.23125
2 0.21145833333333333 0.49895833333333334 0.35833333333333334 0.29791666666666666
2 0.303125 0.61875 0.30625 0.2875
2 0.471875 0.24895833333333334 0.3645833333333333 0.33125
2 0.8385416666666666 0.15625 0.2604166666666667 0.27708333333333335
2 0.6708333333333333 0.31145833333333334 0.25833333333333336 0.2916666666666667
2 0.48541666666666666 0.48125 0.275 0.2916666666666667
2 0.4864583333333333 0.659375 0.24583333333333332 0.23125
2 0.684375 0.7395833333333334 0.33125 0.30625
2 0.7135416666666666 0.5291666666666667 0.325 0.2875
2 0.9052083333333333 0.46145833333333336 0.18958333333333333 0.2604166666666667
