2 0.7177083333333333 0.20104166666666667 0.325 0.3104166666666667
2 0.8822916666666667 0.3104166666666667 0.23541666666666666 0.32916666666666666
2 0.8395833333333333 0.846875 0.21666666666666667 0.21041666666666667
2 0.07604166666666666 0.7510416666666667 0.15208333333333332 0.19791666666666666
2 0.18020833333333333 0.69375 0.2708333333333333 0.25416666666666665
2 0.2604166666666667 0.7875 0.15833333333333333 0.16875
2 0.36041666666666666 0.8520833333333333 0.24166666666666667 0.25416666666666665
2 0.5729166666666666 0.8791666666666667 0.25833333333333336 0.24166666666666667
2 0.484375 0.65 0.31875 0.3229166666666667
2 0.08541666666666667 0.4395833333333333 0.17083333333333334 0.25
2 0.19583333333333333 0.434375 0.21458333333333332 0.2875
2 0.41041666666666665 0.50625 0.26458333333333334 0.2625
2 0.478125 0.259375 0.33958333333333335 0.39791666666666664
2 0.3145833333333333 0.04791666666666667 0.26666666666666666 0.09583333333333334
2 0.31979166666666664 0.153125 0.26458333333333334 0.25
2 0.1375 0.134375 0.17708333333333334 0.25
2 0.13645833333333332 0.265625 0.21875 0.20625
2 0.76875 0.6552083333333333 0.14583333333333334 0.11458333333333333
2 0.775 0.45729166666666665 0.1125 0.09166666666666666
2 0.6854166666666667 0.365625 0.16666666666666666 0.12083333333333333
2 0.928125 0.1625 0.14375 0.175
2 0.8927083333333333 0.5916666666666667 0.20833333333333334 0.325
