2 0.8947916666666667 0.7427083333333333 0.1875 0.29791666666666666
2 0.865625 0.90625 0.18125 0.1875
2 0.696875 0.9114583333333334 0.23125 0.17708333333333334
2 0.08645833333333333 0.84375 0.17291666666666666 0.21666666666666667
2 0.11145833333333334 0.609375 0.22291666666666668 0.27291666666666664
2 0.34479166666666666 0.846875 0.25 0.19583333333333333
2 0.24375 0.8989583333333333 0.25833333333333336 0.17083333333333334
2 0.90625 0.48854166666666665 0.1875 0.20208333333333334
2 0.953125 0.28958333333333336 0.09375 0.25
2 0.915625 0.13645833333333332 0.16875 0.18541666666666667
2 0.8322916666666667 0.3020833333333333 0.16458333333333333 0.2
2 0.7666666666666667 0.5635416666666667 0.2375 0.22083333333333333
2 0.7520833333333333 0.7125 0.2125 0.20416666666666666
2 0.5916666666666667 0.6583333333333333 0.28125 0.30416666666666664
2 0.60625 0.48125 0.1875 0.19166666666666668
2 0.15104166666666666 0.06875 0.20208333333333334 0.1375
2 0.6520833333333333 0.22916666666666666 0.24375 0.3125
2 0.31875 0.696875 0.33958333333333335 0.2875
2 0.296875 0.559375 0.2625 0.225
2 0.465625 0.4583333333333333 0.26458333333333334 0.24583333333333332
2 0.10520833333333333 0.28958333333333336 0.20208333333333334 0.3333333333333333
2 0.19791666666666666 0.38125 0.19791666666666666 0.19583333333333333
2 0.23333333333333334 0.1375 0.22916666666666666 0.22916666666666666
2 0.3458333333333333 0.278125 0.29375 0.275
2 0.40625 0.10104166666666667 0.25 0.20208333333333334
