2 0.6739583333333333 0.20833333333333334 0.29791666666666666 0.28958333333333336
2 0.44895833333333335 0.25833333333333336 0.2875 0.24375
2 0.13125 0.18229166666666666 0.2625 0.30625
2 0.8989583333333333 0.3645833333333333 0.20208333333333334 0.26666666666666666
2 0.528125 0.39479166666666665 0.18541666666666667 0.16041666666666668
2 0.9270833333333334 0.7572916666666667 0.14583333333333334 0.31875
2 0.7822916666666667 0.7052083333333333 0.36041666666666666 0.3770833333333333
2 0.796875 0.9052083333333333 0.20625 0.13958333333333334
2 0.5895833333333333 0.8489583333333334 0.19791666666666666 0.19166666666666668
2 0.6291666666666667 0.5208333333333334 0.28125 0.2708333333333333
2 0.49166666666666664 0.5677083333333334 0.2125 0.24375
2 0.3541666666666667 0.6791666666666667 0.35208333333333336 0.3375
2 0.746875 0.057291666666666664 0.27708333333333335 0.11458333333333333
2 0.409375 0.09583333333333334 0.24375 0.19166666666666668
2 0.16458333333333333 0.8833333333333333 0.26666666666666666 0.23333333333333334
2 0.14895833333333333 0.646875 0.24791666666666667 0.25833333333333336
2 0.38229166666666664 0.8989583333333333 0.28541666666666665 0.20208333333333334
