2 0.06770833333333333 0.16979166666666667 0.13541666666666666 0.21458333333333332
2 0.06666666666666667 0.35 0.13333333333333333 0.2625
2 0.196875 0.25729166666666664 0.28958333333333336 0.3458333333333333
2 0.41041666666666665 0.3145833333333333 0.3020833333333333 0.3145833333333333
2 0.15520833333333334 0.55625 0.2708333333333333 0.27291666666666664
2 0.18333333333333332 0.7291666666666666 0.2916666666666667 0.2604166666666667
2 0.45 0.8739583333333333 0.2791666666666667 0.2520833333333333
2 0.6458333333333334 0.8677083333333333 0.22083333333333333 0.25416666666666665
2 0.8010416666666667 0.8145833333333333 0.2708333333333333 0.28541666666666665
2 0.9208333333333333 0.6489583333333333 0.15833333333333333 0.33958333333333335
2 0.7302083333333333 0.4322916666666667 0.22083333333333333 0.23958333333333334
2 0.36770833333333336 0.6729166666666667 0.23125 0.26666666666666666
2 0.4895833333333333 0.6572916666666667 0.225 0.26666666666666666
2 0.69375 0.675 0.21458333333333332 0.18958333333333333
2 0.6041666666666666 0.49895833333333334 0.29375 0.3
2 0.8822916666666667 0.31354166666666666 0.225 0.29583333333333334
2 0.684375 0.17291666666666666 0.30833333333333335 0.2708333333333333
2 0.7875 0.07395833333333333 0.3 0.14791666666666667
