2 0.7989583333333333 0.0875 0.26875 0.175
2 0.875 0.25 0.20833333333333334 0.25
2 0.9177083333333333 0.5 0.16458333333333333 0.22916666666666666
2 0.8625 0.409375 0.275 0.22708333333333333
2 0.8760416666666667 0.7875 0.24791666666666667 0.3125
2 0.7270833333333333 0.6697916666666667 0.19166666666666668 0.24166666666666667
2 0.6822916666666666 0.8677083333333333 0.28958333333333336 0.2520833333333333
2 0.446875 0.903125 0.24791666666666667 0.19375
2 0.5354166666666667 0.7541666666666667 0.2708333333333333 0.26458333333333334
2 0.6875 0.50625 0.23333333333333334 0.2791666666666667
2 0.45729166666666665 0.5708333333333333 0.24375 0.225
2 0.453125 0.17291666666666666 0.17916666666666667 0.19583333333333333
2 0.13541666666666666 0.1375 0.23333333333333334 0.1875
2 0.325 0.109375 0.2520833333333333 0.20625
2 0.11145833333333334 0.3333333333333333 0.22291666666666668 0.2875
2 0.7125 0.290625 0.26458333333333334 0.29583333333333334
2 0.6510416666666666 0.121875 0.24791666666666667 0.24375
2 0.5208333333333334 0.37395833333333334 0.25833333333333336 0.29583333333333334
2 0.23333333333333334 0.4395833333333333 0.19166666666666668 0.25833333333333336
2 0.140625 0.6208333333333333 0.28125 0.2791666666666667
2 0.12708333333333333 0.7947916666666667 0.19375 0.23333333333333334
2 0.3802083333333333 0.7322916666666667 0.23333333333333334 0.27708333333333335
2 0.2552083333333333 0.8427083333333333 0.2520833333333333 0.27708333333333335
