2 0.8520833333333333 0.3458333333333333 0.29583333333333334 0.3416666666666667
2 0.6333333333333333 0.3145833333333333 0.23125 0.20416666666666666
2 0.434375 0.340625 0.275 0.24583333333333332
2 0.22083333333333333 0.246875 0.23125 0.225
2 0.14479166666666668 0.396875 0.25 0.24791666666666667
2 0.296875 0.4864583333333333 0.16458333333333333 0.22291666666666668
2 0.08020833333333334 0.575 0.16041666666666668 0.3
2 0.13541666666666666 0.853125 0.23333333333333334 0.21458333333333332
2 0.3385416666666667 0.846875 0.17916666666666667 0.22708333333333333
2 0.5083333333333333 0.86875 0.1125 0.1125
2 0.8125 0.8802083333333334 0.3541666666666667 0.23958333333333334
