2 0.884375 0.7697916666666667 0.23125 0.30625
2 0.8489583333333334 0.6083333333333333 0.225 0.25
2 0.7041666666666667 0.89375 0.25 0.1875
2 0.5208333333333334 0.9322916666666666 0.29583333333333334 0.13541666666666666
2 0.23333333333333334 0.890625 0.17916666666666667 0.17916666666666667
2 0.134375 0.803125 0.175 0.19166666666666668
2 0.07604166666666666 0.5114583333333333 0.15208333333333332 0.20625
2 0.06354166666666666 0.31979166666666664 0.12708333333333333 0.24791666666666667
2 0.11145833333333334 0.15729166666666666 0.17291666666666666 0.16875
2 0.23854166666666668 0.10833333333333334 0.14375 0.13541666666666666
2 0.7416666666666667 0.06145833333333333 0.30833333333333335 0.12291666666666666
2 0.5927083333333333 0.08125 0.24375 0.1625
2 0.8604166666666667 0.21979166666666666 0.18541666666666667 0.175
2 0.40208333333333335 0.15208333333333332 0.275 0.2625
2 0.56875 0.24375 0.2 0.2125
2 0.7333333333333333 0.30833333333333335 0.29791666666666666 0.2833333333333333
2 0.6677083333333333 0.45416666666666666 0.29583333333333334 0.3
2 0.384375 0.33645833333333336 0.30416666666666664 0.24166666666666667
2 0.43020833333333336 0.5072916666666667 0.2604166666666667 0.21875
2 0.11770833333333333 0.6854166666666667 0.19166666666666668 0.20208333333333334
2 0.290625 0.609375 0.3020833333333333 0.275
2 0.321875 0.7979166666666667 0.21666666666666667 0.20208333333333334
2 0.446875 0.8197916666666667 0.27708333333333335 0.275
2 0.625 0.6927083333333334 0.27291666666666664 0.3333333333333333
2 0.75625 0.6989583333333333 0.2 0.24583333333333332
