2 0.25104166666666666 0.58125 0.3770833333333333 0.34791666666666665
2 0.35104166666666664 0.7916666666666666 0.3770833333333333 0.3458333333333333
2 0.53125 0.675 0.26666666666666666 0.27291666666666664
2 0.6385416666666667 0.8104166666666667 0.33125 0.2791666666666667
2 0.7364583333333333 0.3125 0.3104166666666667 0.32916666666666666
2 0.5572916666666666 0.359375 0.24791666666666667 0.30833333333333335
2 0.778125 0.509375 0.3 0.30833333333333335
2 0.878125 0.6145833333333334 0.24375 0.2875
2 0.8739583333333333 0.39479166666666665 0.2520833333333333 0.26458333333333334
2 0.940625 0.7458333333333333 0.11875 0.24583333333333332
2 0.64375 0.5697916666666667 0.2875 0.28958333333333336
2 0.75 0.859375 0.31666666666666665 0.24791666666666667
