2 0.071875 0.8104166666666667 0.14375 0.2125
2 0.10625 0.6583333333333333 0.2125 0.16666666666666666
2 0.171875 0.27291666666666664 0.20833333333333334 0.22083333333333333
2 0.13958333333333334 0.128125 0.2375 0.25625
2 0.2604166666666667 0.8427083333333333 0.19166666666666668 0.23541666666666666
2 0.41041666666666665 0.8895833333333333 0.25 0.22083333333333333
2 0.6291666666666667 0.884375 0.32083333333333336 0.23125
2 0.7541666666666667 0.8864583333333333 0.29583333333333334 0.22708333333333333
2 0.34479166666666666 0.6864583333333333 0.275 0.29375
2 0.5677083333333334 0.7645833333333333 0.3145833333333333 0.3020833333333333
2 0.8177083333333334 0.7354166666666667 0.25625 0.24791666666666667
2 0.5697916666666667 0.6 0.3458333333333333 0.3416666666666667
2 0.40208333333333335 0.5333333333333333 0.225 0.21875
2 0.20416666666666666 0.4635416666666667 0.34791666666666665 0.3104166666666667
2 0.3572916666666667 0.3572916666666667 0.32708333333333334 0.23333333333333334
2 0.39166666666666666 0.20520833333333333 0.3 0.24791666666666667
2 0.7145833333333333 0.26666666666666666 0.29791666666666666 0.27291666666666664
2 0.5510416666666667 0.32916666666666666 0.20833333333333334 0.26875
2 0.6927083333333334 0.46041666666666664 0.3625 0.2625
2 0.653125 0.11041666666666666 0.28541666666666665 0.22083333333333333
2 0.43854166666666666 0.06354166666666666 0.22708333333333333 0.12708333333333333
