2 0.2833333333333333 0.37604166666666666 0.26458333333333334 0.2604166666666667
2 0.10416666666666667 0.8239583333333333 0.20833333333333334 0.26458333333333334
2 0.34479166666666666 0.8697916666666666 0.27291666666666664 0.2604166666666667
2 0.19375 0.7395833333333334 0.19375 0.12083333333333333
2 0.0875 0.12291666666666666 0.175 0.23333333333333334
2 0.328125 0.07395833333333333 0.23125 0.14791666666666667
2 0.6020833333333333 0.13333333333333333 0.2708333333333333 0.26666666666666666
2 0.8416666666666667 0.3416666666666667 0.2916666666666667 0.3
2 0.484375 0.43125 0.22916666666666666 0.20208333333333334
2 0.4822916666666667 0.315625 0.13958333333333334 0.14166666666666666
2 0.6125 0.7114583333333333 0.175 0.16041666666666668
2 0.8697916666666666 0.8364583333333333 0.23541666666666666 0.2833333333333333
2 0.734375 0.9 0.18541666666666667 0.2
2 0.7489583333333333 0.6895833333333333 0.22916666666666666 0.23125
2 0.715625 0.5 0.2916666666666667 0.24791666666666667
2 0.08541666666666667 0.45416666666666666 0.17083333333333334 0.1875
2 0.06666666666666667 0.6083333333333333 0.13333333333333333 0.1375
2 0.15729166666666666 0.5375 0.14583333333333334 0.14791666666666667
2 0.9114583333333334 0.18333333333333332 0.17708333333333334 0.21666666666666667
2 0.715625 0.23229166666666667 0.15208333333333332 0.1375
