2 0.759375 0.07604166666666666 0.17916666666666667 0.14583333333333334
2 0.8989583333333333 0.13541666666666666 0.20208333333333334 0.25416666666666665
2 0.7229166666666667 0.18854166666666666 0.10416666666666667 0.15
2 0.40208333333333335 0.10520833333333333 0.24166666666666667 0.21041666666666667
2 0.221875 0.18958333333333333 0.18541666666666667 0.20416666666666666
2 0.06458333333333334 0.2125 0.12291666666666666 0.225
2 0.15729166666666666 0.07916666666666666 0.27708333333333335 0.15833333333333333
2 0.11145833333333334 0.834375 0.22291666666666668 0.28125
2 0.13125 0.4479166666666667 0.2625 0.2875
2 0.2635416666666667 0.390625 0.17916666666666667 0.225
2 0.3541666666666667 0.24895833333333334 0.13333333333333333 0.14375
2 0.5239583333333333 0.24375 0.2520833333333333 0.24791666666666667
2 0.825 0.28541666666666665 0.20625 0.20416666666666666
2 0.9125 0.4166666666666667 0.175 0.225
2 0.9020833333333333 0.60625 0.19583333333333333 0.21666666666666667
2 0.81875 0.8885416666666667 0.21458333333333332 0.19583333333333333
2 0.91875 0.9177083333333333 0.15 0.16458333333333333
2 0.521875 0.9364583333333333 0.27708333333333335 0.12708333333333333
2 0.16458333333333333 0.6729166666666667 0.22708333333333333 0.2520833333333333
2 0.3020833333333333 0.853125 0.19166666666666668 0.23958333333333334
2 0.296875 0.540625 0.1625 0.19791666666666666
2 0.39479166666666665 0.6958333333333333 0.21875 0.21458333333333332
2 0.565625 0.7489583333333333 0.17083333333333334 0.2375
2 0.715625 0.7614583333333333 0.19791666666666666 0.22083333333333333
2 0.7395833333333334 0.5802083333333333 0.23958333333333334 0.24166666666666667
2 0.6645833333333333 0.34270833333333334 0.2375 0.22291666666666668
2 0.41875 0.421875 0.17291666666666666 0.21875
2 0.5104166666666666 0.5322916666666667 0.26875 0.2
