2 0.36041666666666666 0.7302083333333333 0.3 0.26875
2 0.846875 0.5854166666666667 0.25 0.275
2 0.65 0.665625 0.21458333333333332 0.28125
2 0.5177083333333333 0.6447916666666667 0.18958333333333333 0.22916666666666666
2 0.7916666666666666 0.8166666666666667 0.21666666666666667 0.22708333333333333
2 0.6895833333333333 0.878125 0.22291666666666668 0.22916666666666666
2 0.41458333333333336 0.921875 0.2625 0.15625
2 0.08541666666666667 0.8083333333333333 0.17083333333333334 0.29583333333333334
2 0.11875 0.6802083333333333 0.17083333333333334 0.19791666666666666
2 0.25625 0.5 0.26458333333333334 0.2604166666666667
2 0.11354166666666667 0.49375 0.22708333333333333 0.23333333333333334
2 0.16354166666666667 0.36041666666666666 0.18125 0.20416666666666666
2 0.303125 0.3020833333333333 0.20833333333333334 0.24166666666666667
2 0.309375 0.18020833333333333 0.18333333333333332 0.19791666666666666
2 0.12916666666666668 0.20833333333333334 0.24375 0.30625
2 0.20208333333333334 0.10104166666666667 0.22083333333333333 0.19583333333333333
2 0.096875 0.128125 0.16875 0.25625
2 0.4427083333333333 0.08229166666666667 0.25625 0.16458333333333333
2 0.5875 0.125 0.22291666666666668 0.23958333333333334
2 0.5104166666666666 0.2864583333333333 0.22708333333333333 0.29583333333333334
2 0.3614583333333333 0.40208333333333335 0.14166666666666666 0.17291666666666666
2 0.428125 0.540625 0.15208333333333332 0.20625
2 0.5375 0.5145833333333333 0.17291666666666666 0.16041666666666668
2 0.6854166666666667 0.37916666666666665 0.23333333333333334 0.175
2 0.7833333333333333 0.28854166666666664 0.14583333333333334 0.1625
2 0.8875 0.12916666666666668 0.225 0.22916666666666666
2 0.909375 0.9052083333333333 0.14375 0.18958333333333333
