2 0.06041666666666667 0.153125 0.12083333333333333 0.25625
2 0.17291666666666666 0.13958333333333334 0.25416666666666665 0.2520833333333333
2 0.33958333333333335 0.14270833333333333 0.22083333333333333 0.23541666666666666
2 0.41041666666666665 0.09166666666666666 0.23333333333333334 0.18333333333333332
2 0.5572916666666666 0.14166666666666666 0.2520833333333333 0.2833333333333333
2 0.6583333333333333 0.07083333333333333 0.2708333333333333 0.14166666666666666
2 0.8760416666666667 0.11666666666666667 0.21041666666666667 0.23333333333333334
2 0.16979166666666667 0.4239583333333333 0.2375 0.22083333333333333
2 0.253125 0.5302083333333333 0.20625 0.20208333333333334
2 0.13541666666666666 0.6885416666666667 0.26458333333333334 0.2916666666666667
2 0.37083333333333335 0.6729166666666667 0.24583333333333332 0.32916666666666666
2 0.16041666666666668 0.928125 0.22083333333333333 0.14375
2 0.325 0.9229166666666667 0.24583333333333332 0.15416666666666667
2 0.490625 0.9333333333333333 0.18541666666666667 0.13333333333333333
2 0.5541666666666667 0.8020833333333334 0.25 0.2375
2 0.7458333333333333 0.8479166666666667 0.28125 0.28958333333333336
2 0.921875 0.8208333333333333 0.15625 0.22916666666666666
2 0.24791666666666667 0.29270833333333335 0.2708333333333333 0.24166666666666667
2 0.4395833333333333 0.30416666666666664 0.24166666666666667 0.23541666666666666
2 0.7541666666666667 0.21041666666666667 0.15416666666666667 0.15416666666666667
2 0.6760416666666667 0.36354166666666665 0.27708333333333335 0.3104166666666667
2 0.859375 0.3375 0.275 0.2375
2 0.41458333333333336 0.43333333333333335 0.22291666666666668 0.20625
2 0.5864583333333333 0.56875 0.24583333333333332 0.33541666666666664
2 0.7697916666666667 0.7145833333333333 0.24791666666666667 0.225
2 0.8604166666666667 0.578125 0.2625 0.2791666666666667
