2 0.7354166666666667 0.7635416666666667 0.1625 0.1625
2 0.8895833333333333 0.5833333333333334 0.22083333333333333 0.25416666666666665
2 0.6802083333333333 0.4395833333333333 0.30833333333333335 0.28125
2 0.7666666666666667 0.228125 0.12708333333333333 0.16041666666666668
2 0.29791666666666666 0.3416666666666667 0.26666666666666666 0.23541666666666666
2 0.38125 0.134375 0.31666666666666665 0.26875
2 0.12083333333333333 0.16145833333333334 0.24166666666666667 0.2604166666666667
2 0.11354166666666667 0.359375 0.22708333333333333 0.22708333333333333
2 0.10729166666666666 0.5302083333333333 0.21458333333333332 0.33958333333333335
2 0.13854166666666667 0.7520833333333333 0.25 0.2708333333333333
2 0.14479166666666668 0.9145833333333333 0.21041666666666667 0.17083333333333334
2 0.271875 0.903125 0.22291666666666668 0.19375
2 0.44479166666666664 0.903125 0.29375 0.19375
2 0.6572916666666667 0.10208333333333333 0.3020833333333333 0.20416666666666666
2 0.8458333333333333 0.11770833333333333 0.24166666666666667 0.23541666666666666
