2 0.10625 0.765625 0.058333333333333334 0.1
2 0.042708333333333334 0.784375 0.08541666666666667 0.12708333333333333
2 0.209375 0.4875 0.17708333333333334 0.16666666666666666
2 0.10729166666666666 0.5385416666666667 0.21458333333333332 0.28125
2 0.14479166666666668 0.2791666666666667 0.12291666666666666 0.12708333333333333
2 0.28020833333333334 0.35 0.15 0.15208333333333332
2 0.2833333333333333 0.08020833333333334 0.15 0.16041666666666668
2 0.7072916666666667 0.18333333333333332 0.22708333333333333 0.19375
2 0.5177083333333333 0.05 0.12291666666666666 0.1
2 0.38958333333333334 0.25104166666666666 0.29583333333333334 0.2833333333333333
2 0.946875 0.22708333333333333 0.10625 0.25833333333333336
2 0.9104166666666667 0.49270833333333336 0.17916666666666667 0.23541666666666666
2 0.778125 0.3333333333333333 0.23541666666666666 0.2125
2 0.60625 0.42604166666666665 0.10833333333333334 0.10208333333333333
2 0.8760416666666667 0.6885416666666667 0.21458333333333332 0.22708333333333333
2 0.759375 0.5510416666666667 0.1875 0.17083333333333334
2 0.60625 0.646875 0.36041666666666666 0.30625
2 0.3729166666666667 0.871875 0.3020833333333333 0.25625
2 0.19583333333333333 0.865625 0.21458333333333332 0.22708333333333333
2 0.6041666666666666 0.915625 0.24583333333333332 0.16875
2 0.790625 0.8802083333333334 0.23125 0.20625
