2 0.09583333333333334 0.7020833333333333 0.19166666666666668 0.29583333333333334
2 0.057291666666666664 0.41875 0.11458333333333333 0.2375
2 0.12395833333333334 0.215625 0.22083333333333333 0.2875
2 0.2 0.06979166666666667 0.2 0.13958333333333334
2 0.4083333333333333 0.09270833333333334 0.2875 0.18541666666666667
2 0.4 0.23541666666666666 0.2604166666666667 0.22916666666666666
2 0.7083333333333334 0.121875 0.2625 0.22916666666666666
2 0.9322916666666666 0.22916666666666666 0.13541666666666666 0.24166666666666667
2 0.9145833333333333 0.39479166666666665 0.17083333333333334 0.28125
2 0.5447916666666667 0.31875 0.22083333333333333 0.2875
2 0.3302083333333333 0.42604166666666665 0.23958333333333334 0.21875
2 0.48020833333333335 0.45 0.14166666666666666 0.16875
2 0.409375 0.6114583333333333 0.30833333333333335 0.21458333333333332
2 0.378125 0.7635416666666667 0.32083333333333336 0.24375
2 0.084375 0.8989583333333333 0.16875 0.13541666666666666
2 0.184375 0.8645833333333334 0.26875 0.22916666666666666
2 0.39895833333333336 0.9145833333333333 0.24791666666666667 0.17083333333333334
2 0.75625 0.9541666666666667 0.225 0.09166666666666666
2 0.84375 0.9 0.25 0.2
2 0.7354166666666667 0.3260416666666667 0.2625 0.2604166666666667
2 0.6302083333333334 0.5489583333333333 0.23958333333333334 0.3125
2 0.6177083333333333 0.8583333333333333 0.21666666666666667 0.19166666666666668
2 0.7114583333333333 0.7416666666666667 0.325 0.2833333333333333
2 0.93125 0.5927083333333333 0.1375 0.2520833333333333
2 0.79375 0.6020833333333333 0.19583333333333333 0.20625
