2 0.9197916666666667 0.44166666666666665 0.16041666666666668 0.2
2 0.8895833333333333 0.6333333333333333 0.22083333333333333 0.23333333333333334
2 0.9364583333333333 0.8385416666666666 0.12708333333333333 0.21875
2 0.8145833333333333 0.8833333333333333 0.2916666666666667 0.18958333333333333
2 0.7260416666666667 0.809375 0.2520833333333333 0.21666666666666667
2 0.7020833333333333 0.6010416666666667 0.26666666666666666 0.2916666666666667
2 0.565625 0.6125 0.23958333333333334 0.3
2 0.44479166666666664 0.503125 0.26458333333333334 0.30416666666666664
2 0.8052083333333333 0.34375 0.31666666666666665 0.28958333333333336
2 0.6125 0.28125 0.2916666666666667 0.30625
2 0.45729166666666665 0.215625 0.2791666666666667 0.27708333333333335
2 0.22604166666666667 0.23854166666666668 0.2520833333333333 0.3020833333333333
2 0.08854166666666667 0.159375 0.17708333333333334 0.23125
2 0.075 0.3875 0.15 0.2916666666666667
2 0.22291666666666668 0.5135416666666667 0.22916666666666666 0.24791666666666667
2 0.08125 0.6614583333333334 0.16041666666666668 0.275
2 0.190625 0.640625 0.22291666666666668 0.175
2 0.4739583333333333 0.7864583333333334 0.3 0.24375
2 0.2916666666666667 0.7333333333333333 0.31875 0.29375
2 0.15104166666666666 0.8739583333333333 0.23541666666666666 0.2520833333333333
2 0.30833333333333335 0.934375 0.1875 0.13125
2 0.6052083333333333 0.934375 0.21875 0.13125
2 0.4510416666666667 0.8989583333333333 0.2520833333333333 0.20208333333333334
