2 0.10625 0.46770833333333334 0.2125 0.27708333333333335
2 0.146875 0.0625 0.19375 0.125
2 0.11875 0.20729166666666668 0.19583333333333333 0.2625
2 0.042708333333333334 0.71875 0.08541666666666667 0.19166666666666668
2 0.128125 0.715625 0.24583333333333332 0.31666666666666665
2 0.47291666666666665 0.9114583333333334 0.325 0.17708333333333334
2 0.2916666666666667 0.159375 0.28958333333333336 0.29375
2 0.45625 0.16979166666666667 0.30416666666666664 0.33958333333333335
2 0.6489583333333333 0.12083333333333333 0.33125 0.24166666666666667
2 0.88125 0.14479166666666668 0.2375 0.21875
2 0.25833333333333336 0.35833333333333334 0.27291666666666664 0.22916666666666666
2 0.203125 0.5385416666666667 0.28958333333333336 0.23541666666666666
2 0.38125 0.46875 0.27291666666666664 0.34375
2 0.6989583333333333 0.90625 0.21041666666666667 0.1875
2 0.7625 0.8583333333333333 0.19375 0.25416666666666665
2 0.33125 0.7802083333333333 0.2375 0.3020833333333333
2 0.578125 0.7739583333333333 0.36875 0.3770833333333333
2 0.5510416666666667 0.5177083333333333 0.2833333333333333 0.37083333333333335
2 0.8541666666666666 0.6708333333333333 0.28541666666666665 0.29791666666666666
2 0.84375 0.4479166666666667 0.3125 0.37916666666666665
2 0.84375 0.2552083333333333 0.26458333333333334 0.31666666666666665
2 0.6427083333333333 0.24479166666666666 0.3375 0.27291666666666664
