2 0.35 0.7677083333333333 0.40208333333333335 0.3145833333333333
2 0.146875 0.75 0.28958333333333336 0.3
2 0.5260416666666666 0.925 0.28541666666666665 0.15
2 0.15208333333333332 0.5270833333333333 0.30416666666666664 0.3875
2 0.396875 0.4947916666666667 0.30625 0.3
2 0.28541666666666665 0.2520833333333333 0.30625 0.3145833333333333
2 0.46145833333333336 0.23229166666666667 0.17083333333333334 0.14791666666666667
2 0.12083333333333333 0.13020833333333334 0.24166666666666667 0.23958333333333334
2 0.10833333333333334 0.30416666666666664 0.21666666666666667 0.25
2 0.6875 0.184375 0.2833333333333333 0.22291666666666668
2 0.6125 0.09375 0.24583333333333332 0.1875
2 0.846875 0.20104166666666667 0.3020833333333333 0.36875
2 0.55 0.4239583333333333 0.24791666666666667 0.28958333333333336
2 0.65 0.353125 0.24791666666666667 0.21666666666666667
2 0.7770833333333333 0.440625 0.28125 0.2833333333333333
2 0.8791666666666667 0.35833333333333334 0.24166666666666667 0.27708333333333335
2 0.7260416666666667 0.6989583333333333 0.37916666666666665 0.39166666666666666
2 0.9072916666666667 0.7541666666666667 0.18541666666666667 0.37916666666666665
