2 0.12604166666666666 0.209375 0.11666666666666667 0.12291666666666666
2 0.10416666666666667 0.11770833333333333 0.15625 0.12708333333333333
2 0.06354166666666666 0.37916666666666665 0.12708333333333333 0.21666666666666667
2 0.8875 0.33958333333333335 0.20416666666666666 0.17083333333333334
2 0.9125 0.146875 0.175 0.23125
2 0.7833333333333333 0.17395833333333333 0.19583333333333333 0.16875
2 0.9270833333333334 0.540625 0.13958333333333334 0.16041666666666668
2 0.75625 0.6645833333333333 0.14791666666666667 0.12916666666666668
2 0.5302083333333333 0.6614583333333334 0.18333333333333332 0.11875
2 0.7666666666666667 0.8447916666666667 0.24375 0.24375
2 0.5729166666666666 0.8354166666666667 0.23958333333333334 0.29583333333333334
2 0.39791666666666664 0.9177083333333333 0.2833333333333333 0.16458333333333333
2 0.3145833333333333 0.8177083333333334 0.2375 0.24791666666666667
2 0.24375 0.6635416666666667 0.13333333333333333 0.16458333333333333
2 0.13125 0.7427083333333333 0.19166666666666668 0.2520833333333333
2 0.3072916666666667 0.446875 0.3125 0.33125
2 0.7052083333333333 0.4010416666666667 0.19375 0.2625
2 0.5614583333333333 0.340625 0.1875 0.22083333333333333
2 0.565625 0.496875 0.2625 0.14791666666666667
