2 0.525 0.0875 0.20416666666666666 0.175
2 0.7010416666666667 0.07395833333333333 0.20625 0.14791666666666667
2 0.7958333333333333 0.35104166666666664 0.18541666666666667 0.2
2 0.6270833333333333 0.27291666666666664 0.16041666666666668 0.1375
2 0.5958333333333333 0.4125 0.27708333333333335 0.24166666666666667
2 0.60625 0.5729166666666666 0.20625 0.2125
2 0.7416666666666667 0.7479166666666667 0.2604166666666667 0.27291666666666664
2 0.6364583333333333 0.9177083333333333 0.3145833333333333 0.16458333333333333
2 0.46041666666666664 0.8552083333333333 0.2791666666666667 0.21666666666666667
2 0.56875 0.7260416666666667 0.19583333333333333 0.23333333333333334
2 0.41354166666666664 0.665625 0.2708333333333333 0.24791666666666667
2 0.37604166666666666 0.4322916666666667 0.2125 0.22708333333333333
2 0.23958333333333334 0.9364583333333333 0.23541666666666666 0.12708333333333333
2 0.08333333333333333 0.79375 0.13958333333333334 0.12083333333333333
2 0.10625 0.5677083333333334 0.2125 0.23125
2 0.225 0.5635416666666667 0.16458333333333333 0.20833333333333334
2 0.11770833333333333 0.3927083333333333 0.23125 0.2625
2 0.38958333333333334 0.209375 0.20208333333333334 0.24375
2 0.38125 0.065625 0.1875 0.13125
2 0.184375 0.17604166666666668 0.21041666666666667 0.22708333333333333
