2 0.8354166666666667 0.09895833333333333 0.32916666666666666 0.19791666666666666
2 0.80625 0.1875 0.2916666666666667 0.2375
2 0.74375 0.7802083333333333 0.32916666666666666 0.3458333333333333
2 0.775 0.45416666666666666 0.25833333333333336 0.2833333333333333
2 0.60625 0.428125 0.25 0.34375
2 0.4395833333333333 0.446875 0.3375 0.41875
2 0.3302083333333333 0.76875 0.3729166666666667 0.26875
2 0.49375 0.8510416666666667 0.36666666666666664 0.29791666666666666
2 0.9020833333333333 0.8020833333333334 0.19583333333333333 0.2833333333333333
2 0.14583333333333334 0.5677083333333334 0.2916666666666667 0.28958333333333336
2 0.278125 0.16145833333333334 0.2 0.27708333333333335
2 0.44375 0.253125 0.3020833333333333 0.26875
2 0.11770833333333333 0.20729166666666668 0.23541666666666666 0.41458333333333336
2 0.4625 0.08125 0.26875 0.1625
2 0.6760416666666667 0.153125 0.36041666666666666 0.225
