2 0.875 0.85 0.25 0.2625
2 0.2625 0.7364583333333333 0.27708333333333335 0.2875
2 0.7291666666666666 0.471875 0.3770833333333333 0.31666666666666665
2 0.8041666666666667 0.2708333333333333 0.3020833333333333 0.20625
2 0.8677083333333333 0.12916666666666668 0.21875 0.25833333333333336
2 0.7364583333333333 0.734375 0.32083333333333336 0.2791666666666667
2 0.49583333333333335 0.6479166666666667 0.22291666666666668 0.19791666666666666
2 0.5020833333333333 0.7604166666666666 0.2875 0.20416666666666666
2 0.115625 0.8604166666666667 0.20208333333333334 0.2791666666666667
2 0.478125 0.20833333333333334 0.26666666666666666 0.29375
2 0.9458333333333333 0.5927083333333333 0.10833333333333334 0.28958333333333336
2 0.7072916666666667 0.15104166666666666 0.27708333333333335 0.3020833333333333
2 0.103125 0.36666666666666664 0.19375 0.24791666666666667
2 0.30104166666666665 0.35 0.3229166666666667 0.35
2 0.2708333333333333 0.9229166666666667 0.2791666666666667 0.15416666666666667
2 0.09895833333333333 0.10729166666666666 0.19791666666666666 0.17291666666666666
