2 0.9260416666666667 0.165625 0.14791666666666667 0.23541666666666666
2 0.6260416666666667 0.8614583333333333 0.32708333333333334 0.23125
2 0.15625 0.9197916666666667 0.27708333333333335 0.14791666666666667
2 0.31354166666666666 0.7614583333333333 0.25833333333333336 0.20833333333333334
2 0.08125 0.7677083333333333 0.1625 0.21875
2 0.08229166666666667 0.5479166666666667 0.16458333333333333 0.20833333333333334
2 0.271875 0.565625 0.28125 0.21875
2 0.4427083333333333 0.48854166666666665 0.18125 0.19375
2 0.7541666666666667 0.08125 0.20625 0.15208333333333332
2 0.5822916666666667 0.21770833333333334 0.25833333333333336 0.3020833333333333
2 0.128125 0.140625 0.16666666666666666 0.2
2 0.17291666666666666 0.3541666666666667 0.30625 0.22083333333333333
2 0.8854166666666666 0.415625 0.22916666666666666 0.33958333333333335
2 0.6833333333333333 0.46979166666666666 0.28125 0.22916666666666666
2 0.8645833333333334 0.825 0.23541666666666666 0.20833333333333334
2 0.8072916666666666 0.6489583333333333 0.3229166666666667 0.18958333333333333
2 0.33125 0.10208333333333333 0.2791666666666667 0.20416666666666666
