2 0.7729166666666667 0.078125 0.24166666666666667 0.15625
2 0.19166666666666668 0.8739583333333333 0.2791666666666667 0.2520833333333333
2 0.5291666666666667 0.8927083333333333 0.22083333333333333 0.21458333333333332
2 0.21458333333333332 0.7572916666666667 0.23958333333333334 0.20833333333333334
2 0.384375 0.740625 0.26875 0.25
2 0.8635416666666667 0.4 0.25625 0.25833333333333336
2 0.9458333333333333 0.6739583333333333 0.10833333333333334 0.18958333333333333
2 0.8770833333333333 0.778125 0.24583333333333332 0.26458333333333334
2 0.675 0.865625 0.22708333333333333 0.23541666666666666
2 0.6854166666666667 0.7010416666666667 0.28541666666666665 0.21666666666666667
2 0.7916666666666666 0.5427083333333333 0.29583333333333334 0.2916666666666667
2 0.6833333333333333 0.346875 0.18541666666666667 0.20625
2 0.5114583333333333 0.3875 0.2791666666666667 0.21666666666666667
2 0.38229166666666664 0.5520833333333334 0.25625 0.22083333333333333
2 0.5510416666666667 0.5833333333333334 0.22291666666666668 0.23958333333333334
2 0.30625 0.42604166666666665 0.2520833333333333 0.22916666666666666
2 0.13541666666666666 0.45208333333333334 0.18333333333333332 0.17708333333333334
2 0.07604166666666666 0.290625 0.15208333333333332 0.20208333333333334
2 0.45416666666666666 0.18020833333333333 0.16666666666666666 0.17083333333333334
2 0.3072916666666667 0.22291666666666668 0.25833333333333336 0.23125
2 0.16770833333333332 0.11458333333333333 0.2604166666666667 0.15625
