2 0.6770833333333334 0.8572916666666667 0.4083333333333333 0.28541666666666665
2 0.734375 0.7291666666666666 0.3645833333333333 0.2791666666666667
2 0.8302083333333333 0.525 0.33958333333333335 0.37916666666666665
2 0.8614583333333333 0.359375 0.27708333333333335 0.40625
2 0.7854166666666667 0.225 0.3875 0.3541666666666667
2 0.6864583333333333 0.5489583333333333 0.27708333333333335 0.28958333333333336
2 0.53125 0.946875 0.20416666666666666 0.10625
2 0.07604166666666666 0.665625 0.15208333333333332 0.35625
2 0.14375 0.753125 0.2875 0.38125
2 0.25 0.8520833333333333 0.22916666666666666 0.23541666666666666
2 0.425 0.8458333333333333 0.28541666666666665 0.29791666666666666
2 0.30416666666666664 0.70625 0.40625 0.41041666666666665
2 0.16979166666666667 0.44479166666666664 0.33958333333333335 0.41875
2 0.2 0.17291666666666666 0.31875 0.3333333333333333
2 0.4895833333333333 0.15833333333333333 0.3458333333333333 0.31666666666666665
2 0.5385416666666667 0.715625 0.27291666666666664 0.2833333333333333
2 0.378125 0.5270833333333333 0.39166666666666666 0.36666666666666664
2 0.4822916666666667 0.38229166666666664 0.3625 0.33541666666666664
2 0.29583333333333334 0.06354166666666666 0.30833333333333335 0.12708333333333333
