2 0.08229166666666667 0.5354166666666667 0.1625 0.20833333333333334
2 0.121875 0.14479166666666668 0.22916666666666666 0.2125
2 0.06979166666666667 0.3260416666666667 0.13125 0.20833333333333334
2 0.240625 0.5489583333333333 0.13958333333333334 0.14791666666666667
2 0.16354166666666667 0.7270833333333333 0.27708333333333335 0.25416666666666665
2 0.3770833333333333 0.8916666666666667 0.2875 0.21666666666666667
2 0.5645833333333333 0.9208333333333333 0.1625 0.15833333333333333
2 0.36770833333333336 0.07916666666666666 0.23958333333333334 0.15833333333333333
2 0.5635416666666667 0.11041666666666666 0.18333333333333332 0.22083333333333333
2 0.7447916666666666 0.08854166666666667 0.32083333333333336 0.175
2 0.7677083333333333 0.2604166666666667 0.23333333333333334 0.28541666666666665
2 0.9208333333333333 0.18229166666666666 0.15833333333333333 0.18541666666666667
2 0.88125 0.37604166666666666 0.2375 0.24375
2 0.2625 0.28541666666666665 0.31875 0.2791666666666667
2 0.4395833333333333 0.315625 0.2 0.15
2 0.35520833333333335 0.45416666666666666 0.24583333333333332 0.23333333333333334
2 0.55 0.5166666666666667 0.27708333333333335 0.31666666666666665
2 0.715625 0.4979166666666667 0.14166666666666666 0.16666666666666666
2 0.46979166666666666 0.7135416666666666 0.3 0.3
2 0.653125 0.8552083333333333 0.225 0.26666666666666666
2 0.7697916666666667 0.9072916666666667 0.17291666666666666 0.18541666666666667
2 0.8885416666666667 0.84375 0.21458333333333332 0.23333333333333334
2 0.7375 0.7020833333333333 0.27291666666666664 0.25416666666666665
2 0.8854166666666666 0.60625 0.22916666666666666 0.22708333333333333
