2 0.8458333333333333 0.5364583333333334 0.25625 0.28958333333333336
2 0.8666666666666667 0.3885416666666667 0.26666666666666666 0.22708333333333333
2 0.721875 0.08333333333333333 0.22708333333333333 0.16666666666666666
2 0.6104166666666667 0.40208333333333335 0.2875 0.24375
2 0.7697916666666667 0.28020833333333334 0.2125 0.18958333333333333
2 0.578125 0.19583333333333333 0.3020833333333333 0.24791666666666667
2 0.47291666666666665 0.075 0.24166666666666667 0.15
2 0.18854166666666666 0.6239583333333333 0.22708333333333333 0.22916666666666666
2 0.23958333333333334 0.8739583333333333 0.325 0.2520833333333333
2 0.45729166666666665 0.7885416666666667 0.22291666666666668 0.22916666666666666
2 0.6239583333333333 0.6875 0.25625 0.31875
2 0.7895833333333333 0.7697916666666667 0.23125 0.25
2 0.8125 0.9020833333333333 0.24166666666666667 0.14791666666666667
2 0.38125 0.6177083333333333 0.2875 0.23125
2 0.29791666666666666 0.465625 0.27291666666666664 0.19375
2 0.09166666666666666 0.5177083333333333 0.18333333333333332 0.18541666666666667
2 0.125 0.334375 0.25 0.23125
2 0.32708333333333334 0.2947916666666667 0.3416666666666667 0.2520833333333333
2 0.07916666666666666 0.1875 0.15833333333333333 0.20416666666666666
2 0.2552083333333333 0.13020833333333334 0.2791666666666667 0.21458333333333332
