2 0.8416666666666667 0.2625 0.31666666666666665 0.32083333333333336
2 0.20625 0.058333333333333334 0.19166666666666668 0.11666666666666667
2 0.4166666666666667 0.10833333333333334 0.31666666666666665 0.21666666666666667
2 0.6604166666666667 0.08958333333333333 0.26458333333333334 0.175
2 0.5447916666666667 0.25729166666666664 0.3229166666666667 0.27291666666666664
2 0.09270833333333334 0.4083333333333333 0.18541666666666667 0.2625
2 0.1125 0.24166666666666667 0.20625 0.3145833333333333
2 0.06145833333333333 0.8739583333333333 0.12291666666666666 0.17291666666666666
2 0.08958333333333333 0.8 0.17916666666666667 0.32916666666666666
2 0.21458333333333332 0.884375 0.18333333333333332 0.19166666666666668
2 0.3729166666666667 0.8270833333333333 0.2375 0.225
2 0.19166666666666668 0.46458333333333335 0.22916666666666666 0.3229166666666667
2 0.2833333333333333 0.6541666666666667 0.23958333333333334 0.29583333333333334
2 0.565625 0.615625 0.21458333333333332 0.24166666666666667
2 0.6166666666666667 0.771875 0.33125 0.25
2 0.65625 0.915625 0.3958333333333333 0.16875
2 0.8635416666666667 0.84375 0.23541666666666666 0.3125
2 0.7572916666666667 0.5302083333333333 0.27291666666666664 0.25416666666666665
2 0.903125 0.490625 0.19375 0.27708333333333335
2 0.71875 0.403125 0.2875 0.19791666666666666
2 0.4270833333333333 0.609375 0.20833333333333334 0.30416666666666664
