2 0.15416666666666667 0.7104166666666667 0.30833333333333335 0.3416666666666667
2 0.759375 0.9479166666666666 0.19791666666666666 0.10416666666666667
2 0.5541666666666667 0.8885416666666667 0.32916666666666666 0.22291666666666668
2 0.31145833333333334 0.8979166666666667 0.27291666666666664 0.19166666666666668
2 0.43854166666666666 0.7395833333333334 0.33541666666666664 0.2916666666666667
2 0.8989583333333333 0.6197916666666666 0.20208333333333334 0.27291666666666664
2 0.86875 0.7854166666666667 0.225 0.3229166666666667
2 0.9489583333333333 0.15729166666666666 0.10208333333333333 0.18125
2 0.9145833333333333 0.22916666666666666 0.17083333333333334 0.3375
2 0.8114583333333333 0.13645833333333332 0.19375 0.20208333333333334
2 0.6489583333333333 0.18333333333333332 0.25 0.23958333333333334
2 0.8052083333333333 0.5572916666666666 0.24791666666666667 0.3333333333333333
2 0.7260416666666667 0.36041666666666666 0.25625 0.30833333333333335
2 0.4427083333333333 0.3802083333333333 0.22916666666666666 0.2520833333333333
2 0.40208333333333335 0.22083333333333333 0.34375 0.26875
2 0.3729166666666667 0.084375 0.4041666666666667 0.16875
2 0.16041666666666668 0.14583333333333334 0.25416666666666665 0.2916666666666667
2 0.24479166666666666 0.4510416666666667 0.2875 0.26875
2 0.09895833333333333 0.4791666666666667 0.19791666666666666 0.2875
2 0.275 0.58125 0.29583333333333334 0.21458333333333332
2 0.58125 0.3958333333333333 0.225 0.3125
