2 0.21354166666666666 0.096875 0.2916666666666667 0.1875
2 0.09375 0.18020833333333333 0.1875 0.34791666666666665
2 0.22708333333333333 0.40208333333333335 0.3333333333333333 0.35
2 0.08958333333333333 0.571875 0.17916666666666667 0.23958333333333334
2 0.18645833333333334 0.8 0.31666666666666665 0.35833333333333334
2 0.5375 0.7729166666666667 0.3229166666666667 0.3
2 0.528125 0.37395833333333334 0.27291666666666664 0.3416666666666667
2 0.5541666666666667 0.06145833333333333 0.1375 0.12291666666666666
2 0.5447916666666667 0.196875 0.15833333333333333 0.1875
2 0.3625 0.25833333333333336 0.15 0.14375
2 0.5697916666666667 0.5354166666666667 0.24583333333333332 0.24791666666666667
2 0.73125 0.5041666666666667 0.2 0.23125
2 0.753125 0.678125 0.25 0.23333333333333334
2 0.8666666666666667 0.7239583333333334 0.26666666666666666 0.29375
2 0.8614583333333333 0.88125 0.27708333333333335 0.22916666666666666
2 0.440625 0.915625 0.32708333333333334 0.16875
2 0.828125 0.26875 0.3416666666666667 0.36875
2 0.7802083333333333 0.12916666666666668 0.28125 0.25833333333333336
2 0.8708333333333333 0.453125 0.25833333333333336 0.34375
