2 0.565625 0.8864583333333333 0.29791666666666666 0.22708333333333333
2 0.7802083333333333 0.865625 0.28125 0.25833333333333336
2 0.20208333333333334 0.8541666666666666 0.3229166666666667 0.26458333333333334
2 0.309375 0.7864583333333334 0.22291666666666668 0.21041666666666667
2 0.31875 0.6177083333333333 0.2875 0.27291666666666664
2 0.14895833333333333 0.5489583333333333 0.26875 0.3020833333333333
2 0.09166666666666666 0.6677083333333333 0.17916666666666667 0.22083333333333333
2 0.509375 0.65 0.28541666666666665 0.29375
2 0.8083333333333333 0.5979166666666667 0.3458333333333333 0.3645833333333333
2 0.46145833333333336 0.434375 0.21458333333333332 0.18958333333333333
2 0.515625 0.328125 0.225 0.28125
2 0.7416666666666667 0.2760416666666667 0.27291666666666664 0.2625
2 0.89375 0.16979166666666667 0.19583333333333333 0.1625
2 0.11145833333333334 0.25729166666666664 0.22291666666666668 0.3145833333333333
2 0.22708333333333333 0.20416666666666666 0.25625 0.3
2 0.3260416666666667 0.0625 0.2375 0.12083333333333333
2 0.44479166666666664 0.21458333333333332 0.2604166666666667 0.3145833333333333
2 0.5572916666666666 0.09895833333333333 0.2520833333333333 0.19791666666666666
2 0.058333333333333334 0.13958333333333334 0.11666666666666667 0.25416666666666665
