2 0.18854166666666666 0.08125 0.24791666666666667 0.1625
2 0.125 0.18958333333333333 0.20416666666666666 0.26875
2 0.3072916666666667 0.16770833333333332 0.31875 0.33541666666666664
2 0.9104166666666667 0.228125 0.17916666666666667 0.29375
2 0.4979166666666667 0.196875 0.25 0.31875
2 0.6916666666666667 0.24583333333333332 0.3104166666666667 0.2604166666666667
2 0.8927083333333333 0.46979166666666666 0.21458333333333332 0.27291666666666664
2 0.7260416666666667 0.4791666666666667 0.26458333333333334 0.26875
2 0.7927083333333333 0.6697916666666667 0.23958333333333334 0.25416666666666665
2 0.8885416666666667 0.659375 0.21666666666666667 0.2604166666666667
2 0.21458333333333332 0.390625 0.34375 0.35208333333333336
2 0.565625 0.5635416666666667 0.29375 0.36041666666666666
2 0.11458333333333333 0.7447916666666666 0.22916666666666666 0.36041666666666666
2 0.2677083333333333 0.8354166666666667 0.28958333333333336 0.3
2 0.35833333333333334 0.6604166666666667 0.2791666666666667 0.26666666666666666
2 0.5677083333333334 0.7322916666666667 0.27708333333333335 0.2833333333333333
2 0.5197916666666667 0.8833333333333333 0.3229166666666667 0.23333333333333334
2 0.7802083333333333 0.8604166666666667 0.27708333333333335 0.2791666666666667
2 0.4083333333333333 0.48333333333333334 0.23125 0.2916666666666667
