2 0.8791666666666667 0.09583333333333334 0.20833333333333334 0.19166666666666668
2 0.853125 0.24895833333333334 0.2791666666666667 0.2520833333333333
2 0.8802083333333334 0.725 0.18958333333333333 0.20208333333333334
2 0.8916666666666667 0.8864583333333333 0.17291666666666666 0.19583333333333333
2 0.7104166666666667 0.9270833333333334 0.21458333333333332 0.13541666666666666
2 0.7510416666666667 0.8364583333333333 0.23958333333333334 0.18958333333333333
2 0.3802083333333333 0.7989583333333333 0.19166666666666668 0.19375
2 0.25625 0.8625 0.24166666666666667 0.275
2 0.11979166666666667 0.871875 0.21458333333333332 0.25625
2 0.165625 0.7375 0.32083333333333336 0.26875
2 0.453125 0.6364583333333333 0.2833333333333333 0.3145833333333333
2 0.7583333333333333 0.634375 0.27708333333333335 0.24791666666666667
2 0.6177083333333333 0.6822916666666666 0.22708333333333333 0.2625
2 0.7552083333333334 0.4479166666666667 0.24375 0.25833333333333336
2 0.6135416666666667 0.428125 0.25 0.275
2 0.42916666666666664 0.35 0.35208333333333336 0.31666666666666665
2 0.63125 0.22395833333333334 0.28125 0.2791666666666667
2 0.334375 0.125 0.30833333333333335 0.25
2 0.5239583333333333 0.15104166666666666 0.22916666666666666 0.16666666666666666
2 0.13541666666666666 0.303125 0.13541666666666666 0.14791666666666667
2 0.071875 0.13645833333333332 0.12916666666666668 0.15625
2 0.09583333333333334 0.5458333333333333 0.19166666666666668 0.2875
