2 0.93125 0.5177083333333333 0.1375 0.20208333333333334
2 0.91875 0.6489583333333333 0.1625 0.21041666666666667
2 0.9604166666666667 0.83125 0.07916666666666666 0.16666666666666666
2 0.88125 0.828125 0.20625 0.225
2 0.871875 0.18645833333333334 0.18958333333333333 0.26666666666666666
2 0.7270833333333333 0.07291666666666667 0.22916666666666666 0.14583333333333334
2 0.5739583333333333 0.8822916666666667 0.25625 0.23541666666666666
2 0.4083333333333333 0.9260416666666667 0.20416666666666666 0.14791666666666667
2 0.2833333333333333 0.953125 0.14583333333333334 0.09375
2 0.18020833333333333 0.928125 0.21458333333333332 0.14375
2 0.31145833333333334 0.815625 0.27291666666666664 0.24791666666666667
2 0.11145833333333334 0.7822916666666667 0.16666666666666666 0.24583333333333332
2 0.19270833333333334 0.721875 0.2 0.1625
2 0.7291666666666666 0.6520833333333333 0.31666666666666665 0.30416666666666664
2 0.4791666666666667 0.6864583333333333 0.2875 0.26666666666666666
2 0.5322916666666667 0.7822916666666667 0.25833333333333336 0.2125
2 0.6197916666666666 0.4864583333333333 0.23541666666666666 0.20833333333333334
2 0.5041666666666667 0.521875 0.16875 0.15833333333333333
2 0.2916666666666667 0.5302083333333333 0.3104166666666667 0.275
2 0.10729166666666666 0.58125 0.21458333333333332 0.23333333333333334
2 0.725 0.38229166666666664 0.24166666666666667 0.26875
2 0.5822916666666667 0.17395833333333333 0.18333333333333332 0.25625
2 0.4375 0.19479166666666667 0.27708333333333335 0.24583333333333332
2 0.45416666666666666 0.39479166666666665 0.26666666666666666 0.2625
2 0.23333333333333334 0.33958333333333335 0.22708333333333333 0.25833333333333336
2 0.09166666666666666 0.3697916666666667 0.18333333333333332 0.2520833333333333
2 0.09791666666666667 0.20833333333333334 0.19583333333333333 0.21666666666666667
2 0.06979166666666667 0.15 0.13958333333333334 0.15833333333333333
2 0.303125 0.096875 0.2708333333333333 0.17916666666666667
2 0.265625 0.22916666666666666 0.22708333333333333 0.20208333333333334
