2 0.13229166666666667 0.9072916666666667 0.24375 0.18541666666666667
2 0.06458333333333334 0.7770833333333333 0.11875 0.24375
2 0.3385416666666667 0.8916666666666667 0.18125 0.13958333333333334
2 0.340625 0.809375 0.23541666666666666 0.13333333333333333
2 0.23229166666666667 0.7052083333333333 0.24375 0.225
2 0.084375 0.303125 0.16875 0.25625
2 0.146875 0.46979166666666666 0.19375 0.25416666666666665
2 0.4875 0.9104166666666667 0.26666666666666666 0.17916666666666667
2 0.9354166666666667 0.865625 0.12916666666666668 0.23958333333333334
2 0.7864583333333334 0.88125 0.275 0.22708333333333333
2 0.6625 0.78125 0.22083333333333333 0.29375
2 0.721875 0.6479166666666667 0.21666666666666667 0.26875
2 0.48020833333333335 0.640625 0.28958333333333336 0.29791666666666666
2 0.903125 0.49583333333333335 0.19375 0.2833333333333333
2 0.29375 0.4635416666666667 0.2791666666666667 0.275
2 0.25625 0.2708333333333333 0.2791666666666667 0.32083333333333336
2 0.4739583333333333 0.234375 0.26875 0.25
2 0.8697916666666666 0.09895833333333333 0.23541666666666666 0.19791666666666666
2 0.7 0.15833333333333333 0.25 0.29791666666666666
2 0.909375 0.228125 0.17083333333333334 0.24166666666666667
2 0.79375 0.3260416666666667 0.19375 0.25416666666666665
2 0.5385416666666667 0.42083333333333334 0.26666666666666666 0.2708333333333333
