2 0.09791666666666667 0.17291666666666666 0.19583333333333333 0.2916666666666667
2 0.37083333333333335 0.08854166666666667 0.26666666666666666 0.17708333333333334
2 0.6979166666666666 0.08854166666666667 0.2833333333333333 0.17708333333333334
2 0.5083333333333333 0.134375 0.175 0.17916666666666667
2 0.5895833333333333 0.2375 0.23541666666666666 0.23541666666666666
2 0.7697916666666667 0.24583333333333332 0.24791666666666667 0.17916666666666667
2 0.8677083333333333 0.40208333333333335 0.26458333333333334 0.22083333333333333
2 0.178125 0.3541666666666667 0.18541666666666667 0.15833333333333333
2 0.1 0.5364583333333334 0.2 0.23541666666666666
2 0.28020833333333334 0.4552083333333333 0.23125 0.2791666666666667
2 0.440625 0.428125 0.21666666666666667 0.2604166666666667
2 0.7375 0.8645833333333334 0.23958333333333334 0.20833333333333334
2 0.46458333333333335 0.9364583333333333 0.2833333333333333 0.12708333333333333
2 0.27395833333333336 0.8010416666666667 0.26458333333333334 0.2875
2 0.15625 0.7302083333333333 0.16458333333333333 0.16666666666666666
2 0.10208333333333333 0.8614583333333333 0.16666666666666666 0.27708333333333335
2 0.8958333333333334 0.6583333333333333 0.20833333333333334 0.2916666666666667
2 0.7520833333333333 0.6552083333333333 0.2791666666666667 0.2708333333333333
2 0.59375 0.51875 0.35625 0.30416666666666664
2 0.5166666666666667 0.7666666666666667 0.3 0.3104166666666667
