2 0.15104166666666666 0.8125 0.27708333333333335 0.26458333333333334
2 0.06979166666666667 0.5822916666666667 0.13958333333333334 0.26875
2 0.08229166666666667 0.28125 0.16458333333333333 0.32083333333333336
2 0.07604166666666666 0.4270833333333333 0.15208333333333332 0.15416666666666667
2 0.19479166666666667 0.49583333333333335 0.21875 0.23958333333333334
2 0.21875 0.21770833333333334 0.24166666666666667 0.18333333333333332
2 0.33229166666666665 0.12083333333333333 0.2708333333333333 0.2375
2 0.3072916666666667 0.3416666666666667 0.225 0.16666666666666666
2 0.21979166666666666 0.9385416666666667 0.20208333333333334 0.12291666666666666
2 0.37916666666666665 0.8958333333333334 0.25 0.20833333333333334
2 0.540625 0.9125 0.24375 0.175
2 0.91875 0.8364583333333333 0.1625 0.27708333333333335
2 0.49166666666666664 0.16666666666666666 0.325 0.28125
2 0.5614583333333333 0.06666666666666667 0.24791666666666667 0.13333333333333333
2 0.8552083333333333 0.06770833333333333 0.23958333333333334 0.13541666666666666
2 0.61875 0.27708333333333335 0.18541666666666667 0.19791666666666666
2 0.7333333333333333 0.184375 0.20416666666666666 0.2520833333333333
2 0.890625 0.24583333333333332 0.20208333333333334 0.2520833333333333
2 0.59375 0.39479166666666665 0.2708333333333333 0.275
2 0.6677083333333333 0.6020833333333333 0.20208333333333334 0.21041666666666667
2 0.7770833333333333 0.459375 0.225 0.35
2 0.9322916666666666 0.47708333333333336 0.13541666666666666 0.2791666666666667
2 0.9270833333333334 0.6458333333333334 0.14583333333333334 0.14583333333333334
2 0.63125 0.8489583333333334 0.1625 0.21875
2 0.803125 0.7875 0.32083333333333336 0.29583333333333334
2 0.31354166666666666 0.6604166666666667 0.24375 0.30833333333333335
2 0.528125 0.6520833333333333 0.3145833333333333 0.35208333333333336
2 0.27395833333333336 0.553125 0.20833333333333334 0.2375
