2 0.19791666666666666 0.846875 0.2625 0.27291666666666664
2 0.5239583333333333 0.8645833333333334 0.23125 0.225
2 0.3572916666666667 0.925 0.15625 0.15
2 0.6666666666666666 0.9177083333333333 0.225 0.1625
2 0.7125 0.76875 0.2604166666666667 0.20833333333333334
2 0.478125 0.6239583333333333 0.2791666666666667 0.2875
2 0.29375 0.6729166666666667 0.125 0.20625
2 0.18333333333333332 0.6302083333333334 0.23958333333333334 0.21041666666666667
2 0.11354166666666667 0.521875 0.22708333333333333 0.22291666666666668
2 0.8395833333333333 0.184375 0.29583333333333334 0.25625
2 0.659375 0.190625 0.25 0.3020833333333333
2 0.5260416666666666 0.27708333333333335 0.24583333333333332 0.31666666666666665
2 0.828125 0.44166666666666665 0.28958333333333336 0.21875
2 0.8333333333333334 0.6104166666666667 0.3104166666666667 0.2375
2 0.353125 0.43125 0.24375 0.2604166666666667
2 0.309375 0.13229166666666667 0.275 0.25416666666666665
2 0.07083333333333333 0.21979166666666666 0.14166666666666666 0.27291666666666664
2 0.115625 0.3802083333333333 0.23125 0.18958333333333333
