2 0.48333333333333334 0.5208333333333334 0.22291666666666668 0.22083333333333333
2 0.6083333333333333 0.728125 0.10208333333333333 0.10416666666666667
2 0.3770833333333333 0.6645833333333333 0.20208333333333334 0.16666666666666666
2 0.4083333333333333 0.7614583333333333 0.1625 0.13958333333333334
2 0.246875 0.9197916666666667 0.24791666666666667 0.15
2 0.4354166666666667 0.9541666666666667 0.20416666666666666 0.09166666666666666
2 0.27708333333333335 0.7947916666666667 0.18125 0.20833333333333334
2 0.37604166666666666 0.475 0.21458333333333332 0.19166666666666668
2 0.2760416666666667 0.5114583333333333 0.16041666666666668 0.21666666666666667
2 0.12708333333333333 0.6895833333333333 0.15833333333333333 0.225
2 0.06770833333333333 0.5541666666666667 0.13541666666666666 0.16666666666666666
2 0.128125 0.39166666666666666 0.18333333333333332 0.19583333333333333
2 0.31145833333333334 0.24479166666666666 0.20625 0.16041666666666668
2 0.6895833333333333 0.159375 0.12291666666666666 0.1125
2 0.4583333333333333 0.17083333333333334 0.21666666666666667 0.16875
2 0.32916666666666666 0.071875 0.2 0.14375
2 0.18958333333333333 0.08854166666666667 0.18333333333333332 0.17708333333333334
2 0.10104166666666667 0.10104166666666667 0.18541666666666667 0.20208333333333334
2 0.11979166666666667 0.28229166666666666 0.2 0.175
2 0.65 0.6197916666666666 0.11458333333333333 0.0875
