2 0.8427083333333333 0.6114583333333333 0.21458333333333332 0.2
2 0.771875 0.39791666666666664 0.1875 0.18541666666666667
2 0.634375 0.6833333333333333 0.15625 0.14791666666666667
2 0.6322916666666667 0.9020833333333333 0.16875 0.19583333333333333
2 0.325 0.51875 0.25833333333333336 0.26458333333333334
2 0.375 0.890625 0.18333333333333332 0.20208333333333334
2 0.7010416666666667 0.171875 0.28541666666666665 0.30416666666666664
2 0.5052083333333334 0.18958333333333333 0.2833333333333333 0.25416666666666665
2 0.30833333333333335 0.32083333333333336 0.2791666666666667 0.25625
2 0.15104166666666666 0.12916666666666668 0.20208333333333334 0.23125
2 0.17291666666666666 0.8385416666666666 0.2791666666666667 0.24791666666666667
2 0.128125 0.86875 0.24375 0.16875
