2 0.2947916666666667 0.08229166666666667 0.3145833333333333 0.16458333333333333
2 0.15729166666666666 0.146875 0.24791666666666667 0.29375
2 0.25104166666666666 0.35104166666666664 0.38333333333333336 0.3958333333333333
2 0.09583333333333334 0.490625 0.19166666666666668 0.26458333333333334
2 0.159375 0.734375 0.31875 0.40208333333333335
2 0.484375 0.775 0.3645833333333333 0.34375
2 0.5520833333333334 0.38229166666666664 0.32083333333333336 0.3770833333333333
2 0.6364583333333333 0.07916666666666666 0.15416666666666667 0.14375
2 0.6020833333333333 0.21041666666666667 0.18333333333333332 0.20833333333333334
2 0.41041666666666665 0.23645833333333333 0.17083333333333334 0.16458333333333333
2 0.5614583333333333 0.5479166666666667 0.2791666666666667 0.28125
2 0.7260416666666667 0.5479166666666667 0.23125 0.25833333333333336
2 0.7145833333333333 0.7229166666666667 0.2833333333333333 0.26875
2 0.8208333333333333 0.790625 0.3125 0.33125
2 0.7833333333333333 0.9041666666666667 0.30833333333333335 0.19166666666666668
2 0.3625 0.89375 0.35 0.2125
2 0.834375 0.33645833333333336 0.33125 0.41458333333333336
2 0.84375 0.18645833333333334 0.3125 0.30625
2 0.859375 0.5260416666666666 0.28125 0.3770833333333333
