2 0.65625 0.828125 0.3333333333333333 0.3416666666666667
2 0.7802083333333333 0.490625 0.25 0.28125
2 0.8979166666666667 0.3385416666666667 0.20416666666666666 0.33541666666666664
2 0.8697916666666666 0.6427083333333333 0.2604166666666667 0.3645833333333333
2 0.8708333333333333 0.7645833333333333 0.225 0.34791666666666665
2 0.28958333333333336 0.09583333333333334 0.2916666666666667 0.19166666666666668
2 0.346875 0.7770833333333333 0.19375 0.25
2 0.06875 0.815625 0.1375 0.19791666666666666
2 0.23125 0.625 0.2791666666666667 0.34375
2 0.121875 0.61875 0.24375 0.31666666666666665
2 0.12708333333333333 0.4395833333333333 0.25416666666666665 0.30416666666666664
2 0.6875 0.1875 0.34791666666666665 0.26666666666666666
2 0.515625 0.12291666666666666 0.36875 0.24583333333333332
2 0.5083333333333333 0.33541666666666664 0.3020833333333333 0.3104166666666667
2 0.6822916666666666 0.35625 0.17916666666666667 0.22291666666666668
2 0.228125 0.196875 0.2875 0.28541666666666665
2 0.428125 0.4708333333333333 0.32916666666666666 0.2875
