2 0.6354166666666666 0.10833333333333334 0.24583333333333332 0.21666666666666667
2 0.165625 0.41770833333333335 0.33125 0.35208333333333336
2 0.21875 0.2125 0.25416666666666665 0.25625
2 0.42916666666666664 0.33541666666666664 0.25416666666666665 0.3333333333333333
2 0.8833333333333333 0.20833333333333334 0.2 0.27708333333333335
2 0.296875 0.8958333333333334 0.28125 0.20833333333333334
2 0.8666666666666667 0.7083333333333334 0.26666666666666666 0.275
2 0.7 0.7677083333333333 0.2791666666666667 0.3416666666666667
2 0.696875 0.5895833333333333 0.3229166666666667 0.28125
2 0.6927083333333334 0.3489583333333333 0.3625 0.3625
2 0.8916666666666667 0.44583333333333336 0.21666666666666667 0.3
2 0.434375 0.665625 0.25 0.2791666666666667
2 0.2604166666666667 0.6989583333333333 0.24166666666666667 0.26458333333333334
2 0.5072916666666667 0.4739583333333333 0.2625 0.22083333333333333
2 0.546875 0.8947916666666667 0.23958333333333334 0.21041666666666667
2 0.075 0.7 0.14166666666666666 0.24375
