2 0.9375 0.7135416666666666 0.125 0.27291666666666664
2 0.9041666666666667 0.459375 0.19166666666666668 0.2520833333333333
2 0.75 0.29270833333333335 0.21875 0.22083333333333333
2 0.8916666666666667 0.2375 0.20625 0.25
2 0.6270833333333333 0.053125 0.18333333333333332 0.10625
2 0.6625 0.1375 0.13541666666666666 0.13541666666666666
2 0.7739583333333333 0.084375 0.23541666666666666 0.16875
2 0.9020833333333333 0.06041666666666667 0.16666666666666666 0.12083333333333333
2 0.8802083333333334 0.9177083333333333 0.23958333333333334 0.14375
2 0.6947916666666667 0.934375 0.24166666666666667 0.12708333333333333
2 0.8333333333333334 0.8229166666666666 0.2 0.19375
2 0.6822916666666666 0.8458333333333333 0.21458333333333332 0.20625
2 0.7645833333333333 0.6927083333333334 0.19583333333333333 0.23541666666666666
2 0.475 0.915625 0.23333333333333334 0.16875
2 0.04583333333333333 0.8020833333333334 0.07916666666666666 0.25833333333333336
2 0.17604166666666668 0.8541666666666666 0.23333333333333334 0.25
2 0.34791666666666665 0.7927083333333333 0.16875 0.23125
2 0.4947916666666667 0.7645833333333333 0.23125 0.225
2 0.19479166666666667 0.653125 0.2604166666666667 0.17708333333333334
2 0.06145833333333333 0.5791666666666667 0.12291666666666666 0.22916666666666666
2 0.09270833333333334 0.3541666666666667 0.18541666666666667 0.2375
2 0.08229166666666667 0.13958333333333334 0.16458333333333333 0.25
2 0.209375 0.08229166666666667 0.26666666666666666 0.15416666666666667
2 0.25104166666666666 0.19791666666666666 0.24791666666666667 0.18958333333333333
2 0.21458333333333332 0.37083333333333335 0.16458333333333333 0.20625
2 0.3385416666666667 0.35520833333333335 0.22708333333333333 0.2
2 0.1875 0.48541666666666666 0.23125 0.175
2 0.3260416666666667 0.5510416666666667 0.20833333333333334 0.19375
2 0.4822916666666667 0.5489583333333333 0.17916666666666667 0.2
2 0.6145833333333334 0.5979166666666667 0.22083333333333333 0.23125
2 0.5395833333333333 0.39479166666666665 0.25 0.22291666666666668
2 0.496875 0.21875 0.18541666666666667 0.22083333333333333
