2 0.11979166666666667 0.40520833333333334 0.23958333333333334 0.24375
2 0.13541666666666666 0.5302083333333333 0.2708333333333333 0.2604166666666667
2 0.16458333333333333 0.6916666666666667 0.3020833333333333 0.2791666666666667
2 0.234375 0.8833333333333333 0.3229166666666667 0.23333333333333334
2 0.5958333333333333 0.6020833333333333 0.2833333333333333 0.28958333333333336
2 0.8104166666666667 0.85625 0.31875 0.22083333333333333
2 0.921875 0.665625 0.15625 0.27291666666666664
2 0.78125 0.6729166666666667 0.25625 0.2708333333333333
2 0.6625 0.315625 0.24791666666666667 0.2625
2 0.5354166666666667 0.47291666666666665 0.19583333333333333 0.18541666666666667
2 0.36770833333333336 0.521875 0.17291666666666666 0.23125
2 0.375 0.3375 0.27708333333333335 0.2791666666666667
2 0.44166666666666665 0.13125 0.2916666666666667 0.2625
2 0.19375 0.20729166666666668 0.33125 0.2875
