2 0.20416666666666666 0.07708333333333334 0.25416666666666665 0.15416666666666667
2 0.13645833333333332 0.17604166666666668 0.2125 0.27291666666666664
2 0.31875 0.16666666666666666 0.32916666666666666 0.3333333333333333
2 0.9135416666666667 0.24375 0.17291666666666666 0.3
2 0.5083333333333333 0.196875 0.2604166666666667 0.325
2 0.7 0.2520833333333333 0.31666666666666665 0.26875
2 0.890625 0.48541666666666666 0.21875 0.2791666666666667
2 0.7260416666666667 0.4875 0.27291666666666664 0.275
2 0.7864583333333334 0.6791666666666667 0.24583333333333332 0.25833333333333336
2 0.8833333333333333 0.6729166666666667 0.225 0.26666666666666666
2 0.21875 0.3802083333333333 0.3541666666666667 0.36041666666666666
2 0.5635416666666667 0.565625 0.3020833333333333 0.36666666666666664
2 0.11354166666666667 0.7291666666666666 0.22708333333333333 0.36666666666666664
2 0.25625 0.8270833333333333 0.29791666666666666 0.30833333333333335
2 0.35208333333333336 0.6552083333333333 0.28541666666666665 0.275
2 0.559375 0.734375 0.2833333333333333 0.2916666666666667
2 0.50625 0.88125 0.32916666666666666 0.2375
2 0.7666666666666667 0.8635416666666667 0.2875 0.27291666666666664
2 0.4083333333333333 0.48020833333333335 0.23958333333333334 0.29791666666666666
