2 0.39791666666666664 0.3541666666666667 0.33541666666666664 0.325
2 0.7729166666666667 0.16041666666666668 0.3541666666666667 0.2875
2 0.684375 0.5614583333333333 0.24166666666666667 0.24166666666666667
2 0.7885416666666667 0.69375 0.1875 0.23125
2 0.5052083333333334 0.615625 0.23333333333333334 0.21666666666666667
2 0.359375 0.6802083333333333 0.22083333333333333 0.22916666666666666
2 0.21979166666666666 0.7510416666666667 0.18333333333333332 0.18958333333333333
2 0.6510416666666666 0.7645833333333333 0.30625 0.1875
2 0.88125 0.8947916666666667 0.14375 0.2
2 0.11458333333333333 0.45625 0.20625 0.18958333333333333
2 0.265625 0.409375 0.1875 0.15
2 0.22604166666666667 0.265625 0.17291666666666666 0.19166666666666668
2 0.07604166666666666 0.3104166666666667 0.125 0.17083333333333334
2 0.22291666666666668 0.103125 0.29583333333333334 0.20625
2 0.5583333333333333 0.15104166666666666 0.18541666666666667 0.20625
