2 0.8510416666666667 0.6635416666666667 0.29791666666666666 0.3416666666666667
2 0.7614583333333333 0.5 0.3729166666666667 0.21875
2 0.6270833333333333 0.665625 0.2791666666666667 0.2833333333333333
2 0.5395833333333333 0.43125 0.25 0.325
2 0.8947916666666667 0.3145833333333333 0.21041666666666667 0.3458333333333333
2 0.8072916666666666 0.13854166666666667 0.2833333333333333 0.2604166666666667
2 0.17083333333333334 0.11354166666666667 0.3125 0.22708333333333333
2 0.55625 0.12291666666666666 0.275 0.24583333333333332
2 0.3385416666666667 0.171875 0.2791666666666667 0.25416666666666665
2 0.12395833333333334 0.5802083333333333 0.24791666666666667 0.29791666666666666
2 0.06770833333333333 0.2760416666666667 0.12708333333333333 0.2833333333333333
2 0.2760416666666667 0.3614583333333333 0.32708333333333334 0.225
2 0.375 0.534375 0.31875 0.27291666666666664
2 0.32916666666666666 0.6822916666666666 0.28958333333333336 0.26458333333333334
2 0.675 0.890625 0.21041666666666667 0.17083333333333334
2 0.22291666666666668 0.8989583333333333 0.3 0.18958333333333333
2 0.49375 0.909375 0.275 0.18125
