2 0.840625 0.9229166666666667 0.31875 0.14583333333333334
2 0.8104166666666667 0.78125 0.37916666666666665 0.31666666666666665
2 0.88125 0.5458333333333333 0.2375 0.29583333333333334
2 0.8822916666666667 0.2947916666666667 0.23333333333333334 0.2604166666666667
2 0.853125 0.11145833333333334 0.28125 0.22291666666666668
2 0.6802083333333333 0.13958333333333334 0.26458333333333334 0.2791666666666667
2 0.46875 0.08958333333333333 0.19583333333333333 0.17916666666666667
2 0.6666666666666666 0.434375 0.3145833333333333 0.3729166666666667
2 0.55625 0.6979166666666666 0.2708333333333333 0.29791666666666666
2 0.3416666666666667 0.8416666666666667 0.375 0.31666666666666665
2 0.3125 0.5177083333333333 0.3104166666666667 0.36666666666666664
2 0.165625 0.65 0.30625 0.37916666666666665
2 0.13333333333333333 0.31354166666666666 0.26666666666666666 0.3104166666666667
2 0.3145833333333333 0.25 0.35208333333333336 0.29583333333333334
2 0.078125 0.10729166666666666 0.15625 0.20208333333333334
