2 0.175 0.86875 0.275 0.2625
2 0.09479166666666666 0.659375 0.18958333333333333 0.33125
2 0.052083333333333336 0.34479166666666666 0.10416666666666667 0.33958333333333335
2 0.14166666666666666 0.11145833333333334 0.2833333333333333 0.16875
2 0.14375 0.325 0.2708333333333333 0.36041666666666666
2 0.41458333333333336 0.090625 0.275 0.18125
2 0.65625 0.1 0.3375 0.2
2 0.8416666666666667 0.21666666666666667 0.28541666666666665 0.32916666666666666
2 0.28125 0.29375 0.26875 0.3125
2 0.46041666666666664 0.253125 0.2791666666666667 0.26875
2 0.634375 0.23541666666666666 0.27708333333333335 0.23125
2 0.746875 0.39166666666666666 0.21875 0.2604166666666667
2 0.8614583333333333 0.4791666666666667 0.27708333333333335 0.30416666666666664
2 0.8385416666666666 0.740625 0.3229166666666667 0.32708333333333334
2 0.6229166666666667 0.8927083333333333 0.325 0.21458333333333332
2 0.253125 0.5260416666666666 0.32708333333333334 0.29583333333333334
2 0.5145833333333333 0.48333333333333334 0.3541666666666667 0.3020833333333333
2 0.5927083333333333 0.6822916666666666 0.32708333333333334 0.31875
2 0.33958333333333335 0.7197916666666667 0.3333333333333333 0.31875
2 0.36354166666666665 0.9072916666666667 0.34375 0.18541666666666667
