2 0.11458333333333333 0.39791666666666664 0.22916666666666666 0.2833333333333333
2 0.05625 0.828125 0.1125 0.19791666666666666
2 0.07291666666666667 0.6510416666666666 0.14583333333333334 0.26875
2 0.11666666666666667 0.13645833333333332 0.13958333333333334 0.19583333333333333
2 0.21875 0.175 0.25833333333333336 0.325
2 0.6114583333333333 0.09895833333333333 0.33125 0.19791666666666666
2 0.19166666666666668 0.7541666666666667 0.3 0.30416666666666664
2 0.34791666666666665 0.8104166666666667 0.31875 0.3770833333333333
2 0.5177083333333333 0.8895833333333333 0.33958333333333335 0.22083333333333333
2 0.7739583333333333 0.9260416666666667 0.3104166666666667 0.14791666666666667
2 0.22604166666666667 0.5552083333333333 0.28125 0.23958333333333334
2 0.23229166666666667 0.36666666666666664 0.29791666666666666 0.24791666666666667
2 0.3770833333333333 0.490625 0.28541666666666665 0.3541666666666667
2 0.8270833333333333 0.159375 0.22083333333333333 0.2375
2 0.8645833333333334 0.246875 0.20416666666666666 0.2604166666666667
2 0.43125 0.18020833333333333 0.25 0.3104166666666667
2 0.6635416666666667 0.26666666666666666 0.38333333333333336 0.38958333333333334
2 0.5541666666666667 0.5 0.3 0.37916666666666665
2 0.8708333333333333 0.45208333333333334 0.25833333333333336 0.30833333333333335
2 0.8229166666666666 0.6645833333333333 0.3541666666666667 0.39166666666666666
2 0.7447916666666666 0.8395833333333333 0.27708333333333335 0.32083333333333336
2 0.5520833333333334 0.7885416666666667 0.3458333333333333 0.28541666666666665
