2 0.9072916666666667 0.22708333333333333 0.18541666666666667 0.29583333333333334
2 0.45416666666666666 0.8770833333333333 0.2875 0.24583333333333332
2 0.275 0.9041666666666667 0.225 0.15416666666666667
2 0.016666666666666666 0.8020833333333334 0.03333333333333333 0.1875
2 0.12395833333333334 0.7135416666666666 0.24791666666666667 0.29375
2 0.146875 0.115625 0.18125 0.23125
2 0.8104166666666667 0.925 0.225 0.15
2 0.834375 0.8427083333333333 0.24166666666666667 0.27291666666666664
2 0.88125 0.646875 0.2375 0.28125
2 0.7614583333333333 0.6364583333333333 0.19791666666666666 0.22291666666666668
2 0.634375 0.6989583333333333 0.29791666666666666 0.32083333333333336
2 0.95 0.475 0.1 0.22083333333333333
2 0.8947916666666667 0.43645833333333334 0.21041666666666667 0.28958333333333336
2 0.890625 0.328125 0.21041666666666667 0.20833333333333334
2 0.7291666666666666 0.17395833333333333 0.33125 0.31666666666666665
2 0.6677083333333333 0.42083333333333334 0.32708333333333334 0.3625
2 0.5479166666666667 0.28125 0.19791666666666666 0.25416666666666665
2 0.4166666666666667 0.184375 0.19583333333333333 0.24791666666666667
2 0.25625 0.15625 0.2125 0.21041666666666667
2 0.34270833333333334 0.05625 0.24375 0.1125
2 0.08229166666666667 0.31875 0.14375 0.20416666666666666
2 0.478125 0.5645833333333333 0.29791666666666666 0.3
2 0.3072916666666667 0.3375 0.25625 0.24583333333333332
2 0.35833333333333334 0.5010416666666667 0.2375 0.2625
2 0.07395833333333333 0.5072916666666667 0.14791666666666667 0.16875
