2 0.89375 0.234375 0.058333333333333334 0.1
2 0.95625 0.21354166666666666 0.0875 0.12708333333333333
2 0.790625 0.5125 0.17708333333333334 0.16666666666666666
2 0.8916666666666667 0.46041666666666664 0.21666666666666667 0.2791666666666667
2 0.8552083333333333 0.7208333333333333 0.12291666666666666 0.12708333333333333
2 0.7197916666666667 0.65 0.15 0.15208333333333332
2 0.7145833333333333 0.9197916666666667 0.15 0.16041666666666668
2 0.29270833333333335 0.8166666666666667 0.22708333333333333 0.19375
2 0.4822916666666667 0.95 0.12291666666666666 0.1
2 0.6104166666666667 0.7489583333333333 0.29583333333333334 0.2833333333333333
2 0.053125 0.7708333333333334 0.10625 0.25833333333333336
2 0.08854166666666667 0.5072916666666667 0.17708333333333334 0.23541666666666666
2 0.221875 0.6666666666666666 0.23541666666666666 0.2125
2 0.39375 0.5739583333333333 0.10833333333333334 0.10208333333333333
2 0.12395833333333334 0.31145833333333334 0.21458333333333332 0.22708333333333333
2 0.240625 0.44895833333333335 0.1875 0.17083333333333334
2 0.39375 0.353125 0.36041666666666666 0.30625
2 0.6270833333333333 0.128125 0.3020833333333333 0.25625
2 0.8041666666666667 0.134375 0.21458333333333332 0.22708333333333333
2 0.39375 0.084375 0.24583333333333332 0.16875
2 0.209375 0.11979166666666667 0.23125 0.20625
