2 0.6385416666666667 0.3875 0.31875 0.30833333333333335
2 0.3302083333333333 0.11666666666666667 0.33958333333333335 0.23333333333333334
2 0.30625 0.5083333333333333 0.22916666666666666 0.22916666666666666
2 0.16875 0.60625 0.175 0.22291666666666668
2 0.4625 0.6104166666666667 0.22083333333333333 0.20416666666666666
2 0.5854166666666667 0.7114583333333333 0.20833333333333334 0.21875
2 0.7 0.81875 0.17291666666666666 0.17916666666666667
2 0.28229166666666666 0.7125 0.3 0.16875
2 0.04479166666666667 0.7739583333333333 0.08958333333333333 0.19375
2 0.8822916666666667 0.5635416666666667 0.19583333333333333 0.17916666666666667
2 0.75 0.478125 0.18125 0.13958333333333334
2 0.828125 0.35 0.1625 0.18333333333333332
2 0.95 0.4354166666666667 0.1 0.16666666666666666
2 0.8697916666666666 0.16875 0.2604166666666667 0.24583333333333332
2 0.540625 0.14791666666666667 0.17291666666666666 0.19791666666666666
