2 0.20729166666666668 0.10208333333333333 0.28958333333333336 0.20416666666666666
2 0.10104166666666667 0.26875 0.17083333333333334 0.2604166666666667
2 0.38333333333333336 0.13541666666666666 0.325 0.2708333333333333
2 0.8697916666666666 0.17916666666666667 0.2604166666666667 0.25833333333333336
2 0.8677083333333333 0.40208333333333335 0.26458333333333334 0.3333333333333333
2 0.684375 0.3072916666666667 0.3458333333333333 0.3229166666666667
2 0.26458333333333334 0.28958333333333336 0.25416666666666665 0.2791666666666667
2 0.459375 0.35208333333333336 0.25 0.26875
2 0.6583333333333333 0.5041666666666667 0.2833333333333333 0.22916666666666666
2 0.14375 0.5427083333333333 0.2875 0.29791666666666666
2 0.14583333333333334 0.734375 0.2916666666666667 0.31875
2 0.4166666666666667 0.5375 0.28541666666666665 0.26875
2 0.434375 0.80625 0.24166666666666667 0.18958333333333333
2 0.3458333333333333 0.7302083333333333 0.29791666666666666 0.25833333333333336
2 0.65625 0.6583333333333333 0.40625 0.34791666666666665
2 0.665625 0.9270833333333334 0.35625 0.14583333333333334
