2 0.63125 0.5260416666666666 0.29375 0.3458333333333333
2 0.8458333333333333 0.16458333333333333 0.2791666666666667 0.26458333333333334
2 0.6197916666666666 0.14479166666666668 0.25416666666666665 0.2625
2 0.26666666666666666 0.16875 0.28125 0.29583333333333334
2 0.11770833333333333 0.128125 0.21875 0.25625
2 0.196875 0.4864583333333333 0.27291666666666664 0.3541666666666667
2 0.13333333333333333 0.8604166666666667 0.26666666666666666 0.25416666666666665
2 0.39166666666666666 0.871875 0.30416666666666664 0.25625
2 0.38958333333333334 0.615625 0.2916666666666667 0.25625
2 0.4395833333333333 0.4739583333333333 0.27708333333333335 0.2875
2 0.76875 0.8895833333333333 0.25625 0.2
2 0.4708333333333333 0.08333333333333333 0.23333333333333334 0.16666666666666666
2 0.4739583333333333 0.253125 0.2520833333333333 0.29583333333333334
2 0.6114583333333333 0.3333333333333333 0.23333333333333334 0.2604166666666667
2 0.35833333333333334 0.7395833333333334 0.32708333333333334 0.17916666666666667
