2 0.740625 0.11041666666666666 0.28125 0.22083333333333333
2 0.5729166666666666 0.08229166666666667 0.225 0.16458333333333333
2 0.49583333333333335 0.17708333333333334 0.3104166666666667 0.2604166666666667
2 0.8375 0.4427083333333333 0.30416666666666664 0.3416666666666667
2 0.821875 0.23854166666666668 0.3104166666666667 0.30625
2 0.5895833333333333 0.446875 0.34375 0.3333333333333333
2 0.40729166666666666 0.553125 0.28125 0.2791666666666667
2 0.6083333333333333 0.6854166666666667 0.29583333333333334 0.3145833333333333
2 0.659375 0.8416666666666667 0.29791666666666666 0.3104166666666667
2 0.85625 0.7447916666666666 0.2875 0.41041666666666665
2 0.3416666666666667 0.7427083333333333 0.33125 0.29375
2 0.4375 0.8729166666666667 0.2708333333333333 0.25416666666666665
2 0.22604166666666667 0.875 0.28541666666666665 0.25
2 0.14166666666666666 0.65625 0.26875 0.23125
2 0.115625 0.53125 0.23125 0.32916666666666666
2 0.28125 0.425 0.34375 0.35625
2 0.28854166666666664 0.19166666666666668 0.28541666666666665 0.2604166666666667
2 0.06354166666666666 0.2677083333333333 0.12708333333333333 0.23125
2 0.13125 0.14895833333333333 0.2625 0.20625
