2 0.37395833333333334 0.8302083333333333 0.17708333333333334 0.17708333333333334
2 0.153125 0.7239583333333334 0.26666666666666666 0.275
2 0.3104166666666667 0.5083333333333333 0.3333333333333333 0.3104166666666667
2 0.153125 0.34270833333333334 0.14166666666666666 0.16875
2 0.6322916666666667 0.28020833333333334 0.28541666666666665 0.25833333333333336
2 0.478125 0.13333333333333333 0.33958333333333335 0.26666666666666666
2 0.7520833333333333 0.09166666666666666 0.30833333333333335 0.18333333333333332
2 0.8166666666666667 0.228125 0.2604166666666667 0.24791666666666667
2 0.8760416666666667 0.384375 0.24791666666666667 0.35625
2 0.8947916666666667 0.60625 0.21041666666666667 0.2916666666666667
2 0.9375 0.7864583333333334 0.125 0.24375
2 0.8645833333333334 0.8145833333333333 0.24375 0.25416666666666665
2 0.7010416666666667 0.86875 0.30833333333333335 0.24791666666666667
2 0.2 0.16770833333333332 0.32083333333333336 0.2708333333333333
2 0.08229166666666667 0.240625 0.16458333333333333 0.3145833333333333
