2 0.3958333333333333 0.878125 0.25416666666666665 0.24375
2 0.3416666666666667 0.5041666666666667 0.26666666666666666 0.27291666666666664
2 0.24583333333333332 0.22604166666666667 0.2708333333333333 0.29791666666666666
2 0.14895833333333333 0.09583333333333334 0.20208333333333334 0.18125
2 0.128125 0.4427083333333333 0.24375 0.26458333333333334
2 0.140625 0.59375 0.21666666666666667 0.19791666666666666
2 0.12395833333333334 0.7666666666666667 0.225 0.2375
2 0.21458333333333332 0.8510416666666667 0.2604166666666667 0.2604166666666667
2 0.4010416666666667 0.7291666666666666 0.16458333333333333 0.16666666666666666
2 0.08645833333333333 0.24166666666666667 0.1375 0.18333333333333332
2 0.27291666666666664 0.6895833333333333 0.2 0.19583333333333333
