2 0.3072916666666667 0.07916666666666666 0.28541666666666665 0.15833333333333333
2 0.534375 0.11354166666666667 0.20416666666666666 0.21875
2 0.6729166666666667 0.16979166666666667 0.25416666666666665 0.24583333333333332
2 0.9 0.340625 0.2 0.18541666666666667
2 0.9354166666666667 0.165625 0.12916666666666668 0.2520833333333333
2 0.8708333333333333 0.5208333333333334 0.2520833333333333 0.2625
2 0.2604166666666667 0.22083333333333333 0.22291666666666668 0.24583333333333332
2 0.40520833333333334 0.25416666666666665 0.20416666666666666 0.22708333333333333
2 0.10520833333333333 0.36041666666666666 0.20833333333333334 0.23125
2 0.1 0.840625 0.2 0.28541666666666665
2 0.11875 0.6229166666666667 0.21458333333333332 0.23125
2 0.28541666666666665 0.5125 0.3020833333333333 0.2375
2 0.5395833333333333 0.4635416666666667 0.24166666666666667 0.35208333333333336
2 0.671875 0.484375 0.225 0.23333333333333334
2 0.46979166666666666 0.8864583333333333 0.2520833333333333 0.22708333333333333
2 0.3104166666666667 0.8302083333333333 0.26458333333333334 0.3
2 0.35104166666666664 0.675 0.2708333333333333 0.22291666666666668
2 0.5625 0.7135416666666666 0.22916666666666666 0.23125
2 0.7260416666666667 0.65625 0.2520833333333333 0.2604166666666667
2 0.8166666666666667 0.91875 0.2708333333333333 0.1625
2 0.290625 0.38645833333333335 0.22083333333333333 0.20625
