2 0.13125 0.5697916666666667 0.2625 0.34375
2 0.36041666666666666 0.6895833333333333 0.25416666666666665 0.23125
2 0.23541666666666666 0.78125 0.2604166666666667 0.21875
2 0.16458333333333333 0.9114583333333334 0.2833333333333333 0.15833333333333333
2 0.6333333333333333 0.48125 0.24583333333333332 0.2604166666666667
2 0.41770833333333335 0.28958333333333336 0.3020833333333333 0.23958333333333334
2 0.7114583333333333 0.09791666666666667 0.28125 0.18958333333333333
2 0.8802083333333334 0.115625 0.23958333333333334 0.20625
2 0.6364583333333333 0.23958333333333334 0.30833333333333335 0.2916666666666667
2 0.8416666666666667 0.44479166666666664 0.30416666666666664 0.3333333333333333
2 0.90625 0.615625 0.1875 0.27708333333333335
2 0.6635416666666667 0.7135416666666666 0.28958333333333336 0.26666666666666666
2 0.8375 0.8802083333333334 0.29583333333333334 0.23958333333333334
2 0.24479166666666666 0.36770833333333336 0.3541666666666667 0.23958333333333334
2 0.146875 0.23125 0.275 0.28541666666666665
2 0.4083333333333333 0.109375 0.3375 0.21875
2 0.5447916666666667 0.9177083333333333 0.28125 0.16458333333333333
