2 0.903125 0.8791666666666667 0.19375 0.20833333333333334
2 0.7270833333333333 0.828125 0.18958333333333333 0.2
2 0.6427083333333333 0.903125 0.22916666666666666 0.18958333333333333
2 0.44166666666666665 0.925 0.17916666666666667 0.15
2 0.21875 0.9416666666666667 0.225 0.11666666666666667
2 0.10729166666666666 0.8625 0.19375 0.275
2 0.41770833333333335 0.8447916666666667 0.17708333333333334 0.18125
2 0.28229166666666666 0.8177083333333334 0.20416666666666666 0.20208333333333334
2 0.9479166666666666 0.7010416666666667 0.10416666666666667 0.19791666666666666
2 0.8677083333333333 0.6041666666666666 0.225 0.23958333333333334
2 0.875 0.4552083333333333 0.18541666666666667 0.12916666666666668
2 0.66875 0.51875 0.26458333333333334 0.23333333333333334
2 0.6 0.6947916666666667 0.29583333333333334 0.19583333333333333
2 0.4635416666666667 0.5458333333333333 0.2125 0.20416666666666666
2 0.3625 0.6729166666666667 0.23541666666666666 0.16666666666666666
2 0.16666666666666666 0.6895833333333333 0.16041666666666668 0.175
2 0.10104166666666667 0.54375 0.20208333333333334 0.20833333333333334
2 0.8625 0.30833333333333335 0.2520833333333333 0.23958333333333334
2 0.7020833333333333 0.275 0.23958333333333334 0.24166666666666667
2 0.725 0.058333333333333334 0.22083333333333333 0.11666666666666667
2 0.8885416666666667 0.109375 0.16458333333333333 0.21458333333333332
2 0.596875 0.15729166666666666 0.19791666666666666 0.18958333333333333
2 0.47604166666666664 0.3302083333333333 0.24791666666666667 0.26666666666666666
2 0.26666666666666666 0.49270833333333336 0.17708333333333334 0.21666666666666667
2 0.115625 0.3645833333333333 0.23125 0.1875
2 0.10625 0.240625 0.20208333333333334 0.1625
2 0.30833333333333335 0.24270833333333333 0.2125 0.20833333333333334
2 0.4114583333333333 0.08958333333333333 0.20625 0.17916666666666667
