2 0.15208333333333332 0.27291666666666664 0.30416666666666664 0.32083333333333336
2 0.45416666666666666 0.4197916666666667 0.24375 0.24166666666666667
2 0.5864583333333333 0.5166666666666667 0.20208333333333334 0.18125
2 0.6635416666666667 0.7625 0.2625 0.26458333333333334
2 0.85 0.8802083333333334 0.21458333333333332 0.17708333333333334
2 0.5916666666666667 0.8947916666666667 0.3 0.21041666666666667
2 0.20520833333333333 0.146875 0.20833333333333334 0.19791666666666666
2 0.21458333333333332 0.634375 0.28958333333333336 0.28125
2 0.38333333333333336 0.6541666666666667 0.19791666666666666 0.21666666666666667
2 0.48541666666666666 0.7260416666666667 0.17291666666666666 0.20625
2 0.1 0.4791666666666667 0.2 0.35
2 0.31666666666666665 0.8104166666666667 0.2708333333333333 0.2625
