2 0.828125 0.09270833333333334 0.2520833333333333 0.18541666666666667
2 0.7833333333333333 0.23854166666666668 0.20625 0.26875
2 0.759375 0.509375 0.30416666666666664 0.3020833333333333
2 0.9135416666666667 0.634375 0.17291666666666666 0.28958333333333336
2 0.7270833333333333 0.7541666666666667 0.3 0.30625
2 0.5322916666666667 0.5677083333333334 0.20416666666666666 0.17083333333333334
2 0.5677083333333334 0.4114583333333333 0.20833333333333334 0.16875
2 0.4395833333333333 0.128125 0.2125 0.25625
2 0.25729166666666664 0.19583333333333333 0.22916666666666666 0.29375
2 0.09895833333333333 0.2791666666666667 0.19791666666666666 0.21666666666666667
2 0.16145833333333334 0.8895833333333333 0.29375 0.22083333333333333
2 0.48333333333333334 0.8822916666666667 0.23125 0.18541666666666667
2 0.35208333333333336 0.9333333333333333 0.19583333333333333 0.13333333333333333
2 0.27395833333333336 0.6979166666666666 0.37916666666666665 0.3375
2 0.06770833333333333 0.6770833333333334 0.12708333333333333 0.17083333333333334
2 0.465625 0.315625 0.28958333333333336 0.24375
2 0.28229166666666666 0.42604166666666665 0.24583333333333332 0.19791666666666666
