2 0.575 0.7583333333333333 0.3333333333333333 0.30833333333333335
2 0.14270833333333333 0.49270833333333336 0.28541666666666665 0.30625
2 0.3125 0.6208333333333333 0.25416666666666665 0.30625
2 0.44583333333333336 0.6354166666666666 0.21875 0.2520833333333333
2 0.13645833333333332 0.7302083333333333 0.24583333333333332 0.25416666666666665
2 0.21875 0.8166666666666667 0.2520833333333333 0.25833333333333336
2 0.4708333333333333 0.9166666666666666 0.2791666666666667 0.16666666666666666
2 0.8302083333333333 0.875 0.23958333333333334 0.25
2 0.821875 0.7729166666666667 0.19791666666666666 0.21875
2 0.7354166666666667 0.5635416666666667 0.29791666666666666 0.29375
2 0.871875 0.5958333333333333 0.25625 0.2625
2 0.8614583333333333 0.45208333333333334 0.20833333333333334 0.22708333333333333
2 0.7416666666666667 0.359375 0.23958333333333334 0.26875
2 0.7677083333333333 0.240625 0.21041666666666667 0.22083333333333333
2 0.89375 0.31354166666666666 0.2125 0.33541666666666664
2 0.884375 0.19166666666666668 0.23125 0.225
2 0.9416666666666667 0.23333333333333334 0.11666666666666667 0.3
2 0.6645833333333333 0.10729166666666666 0.27708333333333335 0.21041666666666667
2 0.5125 0.12395833333333334 0.25416666666666665 0.24791666666666667
2 0.5458333333333333 0.290625 0.26666666666666666 0.3229166666666667
2 0.6583333333333333 0.44166666666666665 0.16458333333333333 0.19166666666666668
2 0.5583333333333333 0.5583333333333333 0.17916666666666667 0.22291666666666668
2 0.46041666666666664 0.5052083333333334 0.19166666666666668 0.18125
2 0.35208333333333336 0.33541666666666664 0.25416666666666665 0.20625
2 0.28125 0.22291666666666668 0.16666666666666666 0.18125
2 0.20833333333333334 0.084375 0.2791666666666667 0.16875
2 0.03958333333333333 0.796875 0.07916666666666666 0.23125
