2 0.10208333333333333 0.75625 0.20416666666666666 0.31666666666666665
2 0.171875 0.73125 0.28958333333333336 0.3125
2 0.11666666666666667 0.5479166666666667 0.23333333333333334 0.3541666666666667
2 0.225 0.40520833333333334 0.2916666666666667 0.3145833333333333
2 0.20416666666666666 0.18229166666666666 0.28125 0.28958333333333336
2 0.353125 0.11458333333333333 0.3229166666666667 0.22916666666666666
2 0.33125 0.25625 0.31875 0.29583333333333334
2 0.44166666666666665 0.3489583333333333 0.34375 0.3104166666666667
2 0.3375 0.59375 0.3416666666666667 0.3625
2 0.3177083333333333 0.83125 0.34375 0.32916666666666666
2 0.5020833333333333 0.853125 0.2791666666666667 0.29375
2 0.7354166666666667 0.8416666666666667 0.3958333333333333 0.31666666666666665
2 0.5572916666666666 0.6625 0.2833333333333333 0.30833333333333335
2 0.7 0.6635416666666667 0.17708333333333334 0.17083333333333334
2 0.7677083333333333 0.521875 0.34791666666666665 0.35833333333333334
2 0.8697916666666666 0.80625 0.19166666666666668 0.2791666666666667
2 0.89375 0.5385416666666667 0.2125 0.28958333333333336
2 0.9364583333333333 0.278125 0.12708333333333333 0.2604166666666667
2 0.7885416666666667 0.28125 0.29583333333333334 0.3
2 0.671875 0.19895833333333332 0.3645833333333333 0.3541666666666667
