2 0.803125 0.8947916666666667 0.25625 0.21041666666666667
2 0.6916666666666667 0.690625 0.29583333333333334 0.28125
2 0.10104166666666667 0.49895833333333334 0.20208333333333334 0.27291666666666664
2 0.284375 0.5760416666666667 0.26875 0.25
2 0.4895833333333333 0.6083333333333333 0.16458333333333333 0.23333333333333334
2 0.5802083333333333 0.5041666666666667 0.20416666666666666 0.24583333333333332
2 0.6979166666666666 0.42916666666666664 0.30625 0.2916666666666667
2 0.9260416666666667 0.38333333333333336 0.14791666666666667 0.2625
2 0.89375 0.5541666666666667 0.2125 0.1625
2 0.9364583333333333 0.134375 0.12708333333333333 0.23125
2 0.6802083333333333 0.14270833333333333 0.31875 0.26875
2 0.43854166666666666 0.10625 0.24583333333333332 0.19166666666666668
2 0.38333333333333336 0.40729166666666666 0.22916666666666666 0.23958333333333334
2 0.21354166666666666 0.31354166666666666 0.23958333333333334 0.23333333333333334
2 0.18854166666666666 0.134375 0.25416666666666665 0.19791666666666666
2 0.13333333333333333 0.040625 0.22083333333333333 0.08125
