2 0.16458333333333333 0.15729166666666666 0.24166666666666667 0.3
2 0.234375 0.04583333333333333 0.20208333333333334 0.09166666666666666
2 0.321875 0.10833333333333334 0.16875 0.21666666666666667
2 0.784375 0.5177083333333333 0.3125 0.26458333333333334
2 0.903125 0.3885416666666667 0.19375 0.23958333333333334
2 0.8364583333333333 0.16145833333333334 0.2375 0.22291666666666668
2 0.4947916666666667 0.30833333333333335 0.25 0.27291666666666664
2 0.63125 0.240625 0.24166666666666667 0.28541666666666665
2 0.49895833333333334 0.103125 0.24791666666666667 0.20625
2 0.43854166666666666 0.546875 0.29583333333333334 0.29583333333333334
2 0.790625 0.6760416666666667 0.30416666666666664 0.26666666666666666
2 0.8177083333333334 0.8135416666666667 0.28125 0.28125
2 0.7291666666666666 0.9333333333333333 0.30833333333333335 0.13333333333333333
2 0.39791666666666664 0.9083333333333333 0.32916666666666666 0.18333333333333332
2 0.44166666666666665 0.7197916666666667 0.2 0.1875
2 0.315625 0.7572916666666667 0.275 0.27291666666666664
2 0.16979166666666667 0.8479166666666667 0.22916666666666666 0.19583333333333333
2 0.13020833333333334 0.6822916666666666 0.22916666666666666 0.25
2 0.090625 0.5458333333333333 0.18125 0.22083333333333333
2 0.18645833333333334 0.5260416666666666 0.22083333333333333 0.22916666666666666
2 0.12916666666666668 0.3729166666666667 0.25833333333333336 0.275
