2 0.07708333333333334 0.17083333333333334 0.15416666666666667 0.2375
2 0.12604166666666666 0.328125 0.2520833333333333 0.27708333333333335
2 0.175 0.7989583333333333 0.20625 0.21875
2 0.196875 0.9270833333333334 0.18958333333333333 0.14583333333333334
2 0.38125 0.9427083333333334 0.225 0.11458333333333333
2 0.32395833333333335 0.88125 0.25416666666666665 0.2125
2 0.6791666666666667 0.7666666666666667 0.21041666666666667 0.21041666666666667
2 0.8135416666666667 0.8145833333333333 0.26875 0.3125
2 0.915625 0.796875 0.16875 0.29791666666666666
2 0.8520833333333333 0.6635416666666667 0.29583333333333334 0.29791666666666666
2 0.575 0.6229166666666667 0.3104166666666667 0.33958333333333335
2 0.2760416666666667 0.6854166666666667 0.29791666666666666 0.27291666666666664
2 0.421875 0.703125 0.2520833333333333 0.28125
2 0.23958333333333334 0.5020833333333333 0.26666666666666666 0.2791666666666667
2 0.37395833333333334 0.453125 0.275 0.29791666666666666
2 0.5385416666666667 0.3385416666666667 0.37916666666666665 0.34791666666666665
2 0.3145833333333333 0.25729166666666664 0.30416666666666664 0.3020833333333333
2 0.5833333333333334 0.11875 0.32916666666666666 0.2375
2 0.4041666666666667 0.16354166666666667 0.24375 0.18958333333333333
2 0.815625 0.23125 0.14791666666666667 0.16041666666666668
2 0.8427083333333333 0.06979166666666667 0.14375 0.13958333333333334
2 0.896875 0.46041666666666664 0.20625 0.30416666666666664
