2 0.15 0.09375 0.3 0.1625
2 0.184375 0.23229166666666667 0.36875 0.33541666666666664
2 0.12083333333333333 0.47291666666666665 0.24166666666666667 0.30833333333333335
2 0.128125 0.7229166666666667 0.24375 0.2708333333333333
2 0.16666666666666666 0.89375 0.2916666666666667 0.2125
2 0.3385416666666667 0.8614583333333333 0.27708333333333335 0.27708333333333335
2 0.5520833333333334 0.90625 0.20416666666666666 0.1875
2 0.33645833333333336 0.5739583333333333 0.3333333333333333 0.38958333333333334
2 0.43333333333333335 0.30520833333333336 0.28541666666666665 0.3104166666666667
2 0.6395833333333333 0.15833333333333333 0.39166666666666666 0.31666666666666665
2 0.6864583333333333 0.47291666666666665 0.32916666666666666 0.38333333333333336
2 0.8260416666666667 0.33229166666666665 0.325 0.39375
2 0.8666666666666667 0.6645833333333333 0.26666666666666666 0.325
2 0.6989583333333333 0.7395833333333334 0.36666666666666664 0.3125
2 0.9270833333333334 0.86875 0.14583333333333334 0.2125
