2 0.296875 0.09583333333333334 0.23125 0.19166666666666668
2 0.5958333333333333 0.14791666666666667 0.3145833333333333 0.22708333333333333
2 0.10833333333333334 0.18229166666666666 0.20833333333333334 0.18333333333333332
2 0.084375 0.384375 0.16875 0.23958333333333334
2 0.15 0.5760416666666667 0.23958333333333334 0.21666666666666667
2 0.24895833333333334 0.48125 0.25833333333333336 0.225
2 0.3125 0.30833333333333335 0.2520833333333333 0.19375
2 0.490625 0.3 0.17916666666666667 0.16875
2 0.6854166666666667 0.2791666666666667 0.21666666666666667 0.20416666666666666
2 0.8875 0.26979166666666665 0.225 0.23541666666666666
2 0.8677083333333333 0.47604166666666664 0.26458333333333334 0.22708333333333333
2 0.17291666666666666 0.8677083333333333 0.22083333333333333 0.21041666666666667
2 0.3697916666666667 0.8802083333333334 0.24166666666666667 0.23125
2 0.25 0.6791666666666667 0.16041666666666668 0.19375
2 0.40729166666666666 0.6458333333333334 0.19583333333333333 0.22708333333333333
2 0.5270833333333333 0.7104166666666667 0.1875 0.21458333333333332
2 0.7010416666666667 0.646875 0.27708333333333335 0.3125
2 0.5520833333333334 0.446875 0.2604166666666667 0.2625
2 0.825 0.74375 0.22291666666666668 0.21875
