2 0.953125 0.20625 0.09375 0.23333333333333334
2 0.853125 0.621875 0.15833333333333333 0.17291666666666666
2 0.6614583333333334 0.8427083333333333 0.3229166666666667 0.3145833333333333
2 0.7 0.64375 0.3541666666666667 0.3333333333333333
2 0.815625 0.940625 0.19791666666666666 0.11875
2 0.43645833333333334 0.8895833333333333 0.21875 0.22083333333333333
2 0.26875 0.8177083333333334 0.3104166666666667 0.32083333333333336
2 0.09166666666666666 0.6760416666666667 0.18333333333333332 0.2604166666666667
2 0.515625 0.6729166666666667 0.25625 0.2916666666666667
2 0.7166666666666667 0.196875 0.3229166666666667 0.33125
2 0.684375 0.3625 0.26458333333333334 0.27291666666666664
2 0.4270833333333333 0.10208333333333333 0.3541666666666667 0.20416666666666666
2 0.5010416666666667 0.24479166666666666 0.30416666666666664 0.32916666666666666
2 0.30625 0.26458333333333334 0.28541666666666665 0.3
2 0.4625 0.44479166666666664 0.23541666666666666 0.22916666666666666
2 0.2552083333333333 0.553125 0.27708333333333335 0.3
2 0.10625 0.42291666666666666 0.2125 0.32916666666666666
