2 0.875 0.8739583333333333 0.25 0.21458333333333332
2 0.8125 0.725 0.21041666666666667 0.27291666666666664
2 0.75625 0.459375 0.3104166666666667 0.30625
2 0.9020833333333333 0.315625 0.19166666666666668 0.29375
2 0.6947916666666667 0.22083333333333333 0.30625 0.3104166666666667
2 0.5239583333333333 0.42916666666666664 0.20833333333333334 0.175
2 0.578125 0.5791666666666667 0.2125 0.17291666666666666
2 0.48541666666666666 0.8729166666666667 0.21666666666666667 0.25416666666666665
2 0.296875 0.83125 0.23333333333333334 0.29583333333333334
2 0.12083333333333333 0.765625 0.22083333333333333 0.22083333333333333
2 0.13229166666666667 0.14895833333333333 0.26458333333333334 0.23125
2 0.4375 0.12291666666666666 0.23333333333333334 0.18958333333333333
2 0.3 0.07916666666666666 0.19791666666666666 0.14583333333333334
2 0.2520833333333333 0.33125 0.38333333333333336 0.3416666666666667
2 0.057291666666666664 0.3770833333333333 0.11458333333333333 0.17083333333333334
2 0.48854166666666665 0.6864583333333333 0.29375 0.24791666666666667
2 0.29270833333333335 0.6 0.25 0.2
