2 0.865625 0.30625 0.26875 0.37083333333333335
2 0.8822916666666667 0.13020833333333334 0.23541666666666666 0.17708333333333334
2 0.6322916666666667 0.08854166666666667 0.2604166666666667 0.17708333333333334
2 0.6458333333333334 0.1875 0.33958333333333335 0.33125
2 0.7302083333333333 0.40625 0.27708333333333335 0.27708333333333335
2 0.5364583333333334 0.4114583333333333 0.30833333333333335 0.30416666666666664
2 0.5822916666666667 0.8645833333333334 0.28125 0.2708333333333333
2 0.19895833333333332 0.18229166666666666 0.34375 0.35
2 0.22916666666666666 0.478125 0.30625 0.34375
2 0.12604166666666666 0.671875 0.2520833333333333 0.28541666666666665
2 0.44583333333333336 0.571875 0.37083333333333335 0.28958333333333336
2 0.3177083333333333 0.746875 0.34791666666666665 0.31875
2 0.278125 0.8677083333333333 0.32708333333333334 0.24791666666666667
2 0.9177083333333333 0.6260416666666667 0.16458333333333333 0.30625
2 0.7635416666666667 0.7625 0.3416666666666667 0.35
2 0.4270833333333333 0.18854166666666666 0.26875 0.275
