2 0.184375 0.559375 0.23958333333333334 0.20625
2 0.7364583333333333 0.6916666666666667 0.19791666666666666 0.16458333333333333
2 0.475 0.8833333333333333 0.2875 0.23333333333333334
2 0.10208333333333333 0.8354166666666667 0.20416666666666666 0.24583333333333332
2 0.27395833333333336 0.8760416666666667 0.24791666666666667 0.22083333333333333
2 0.353125 0.7427083333333333 0.275 0.31666666666666665
2 0.5114583333333333 0.709375 0.26666666666666666 0.26458333333333334
2 0.5625 0.5364583333333334 0.23333333333333334 0.24375
2 0.4270833333333333 0.5239583333333333 0.27708333333333335 0.28541666666666665
2 0.7208333333333333 0.9052083333333333 0.2625 0.18958333333333333
2 0.8895833333333333 0.8177083333333334 0.18541666666666667 0.3458333333333333
2 0.8864583333333333 0.5270833333333333 0.22708333333333333 0.25833333333333336
2 0.7291666666666666 0.47708333333333336 0.30833333333333335 0.3125
2 0.2916666666666667 0.3645833333333333 0.26875 0.3020833333333333
2 0.33541666666666664 0.08958333333333333 0.24166666666666667 0.17916666666666667
2 0.5104166666666666 0.28229166666666666 0.2916666666666667 0.28541666666666665
2 0.7791666666666667 0.15520833333333334 0.25416666666666665 0.2604166666666667
2 0.6989583333333333 0.3072916666666667 0.28125 0.26458333333333334
2 0.915625 0.3614583333333333 0.16875 0.2520833333333333
2 0.13541666666666666 0.11041666666666666 0.19583333333333333 0.22083333333333333
2 0.6239583333333333 0.14479166666666668 0.17708333333333334 0.21875
2 0.4 0.17604166666666668 0.2604166666666667 0.26666666666666666
2 0.121875 0.3958333333333333 0.24375 0.2125
