2 0.5822916666666667 0.359375 0.19583333333333333 0.19375
2 0.49583333333333335 0.27395833333333336 0.15833333333333333 0.18958333333333333
2 0.465625 0.11666666666666667 0.2604166666666667 0.23333333333333334
2 0.296875 0.31666666666666665 0.24791666666666667 0.27708333333333335
2 0.2708333333333333 0.5 0.24791666666666667 0.28958333333333336
2 0.109375 0.3072916666666667 0.2125 0.25416666666666665
2 0.8697916666666666 0.146875 0.2604166666666667 0.26458333333333334
2 0.7739583333333333 0.44479166666666664 0.17708333333333334 0.14375
2 0.8375 0.37604166666666666 0.3145833333333333 0.3104166666666667
2 0.9010416666666666 0.7572916666666667 0.18333333333333332 0.21875
2 0.4864583333333333 0.5260416666666666 0.20625 0.2375
2 0.06979166666666667 0.7458333333333333 0.13958333333333334 0.3458333333333333
2 0.2125 0.9229166666666667 0.26458333333333334 0.13541666666666666
2 0.184375 0.6333333333333333 0.20208333333333334 0.25625
2 0.5125 0.7791666666666667 0.24166666666666667 0.225
2 0.5375 0.90625 0.24583333333333332 0.1875
2 0.8885416666666667 0.9166666666666666 0.18541666666666667 0.16666666666666666
2 0.3229166666666667 0.740625 0.21458333333333332 0.20416666666666666
2 0.7604166666666666 0.6979166666666666 0.2625 0.30625
2 0.6322916666666667 0.5760416666666667 0.37083333333333335 0.35625
2 0.66875 0.8229166666666666 0.26875 0.18958333333333333
2 0.6541666666666667 0.07916666666666666 0.2708333333333333 0.15833333333333333
2 0.084375 0.10416666666666667 0.13958333333333334 0.20833333333333334
