2 0.9447916666666667 0.7572916666666667 0.11041666666666666 0.18125
2 0.9114583333333334 0.8895833333333333 0.17708333333333334 0.15416666666666667
2 0.8270833333333333 0.7583333333333333 0.17708333333333334 0.28125
2 0.9135416666666667 0.35104166666666664 0.17291666666666666 0.28541666666666665
2 0.06770833333333333 0.321875 0.13541666666666666 0.28541666666666665
2 0.0625 0.125 0.125 0.175
2 0.159375 0.815625 0.28125 0.27291666666666664
2 0.4895833333333333 0.8666666666666667 0.3229166666666667 0.22083333333333333
2 0.3854166666666667 0.7677083333333333 0.2708333333333333 0.23333333333333334
2 0.3614583333333333 0.23020833333333332 0.32916666666666666 0.3
2 0.7 0.171875 0.3125 0.28958333333333336
2 0.5635416666666667 0.34270833333333334 0.3229166666666667 0.35625
2 0.684375 0.590625 0.25416666666666665 0.18958333333333333
2 0.7052083333333333 0.42916666666666664 0.21458333333333332 0.21458333333333332
2 0.315625 0.10833333333333334 0.25 0.20416666666666666
2 0.35833333333333334 0.525 0.2708333333333333 0.26458333333333334
2 0.21770833333333334 0.6625 0.25 0.27708333333333335
2 0.509375 0.6291666666666667 0.23541666666666666 0.25
