2 0.05416666666666667 0.07916666666666666 0.09583333333333334 0.15833333333333333
2 0.18333333333333332 0.090625 0.13958333333333334 0.175
2 0.07291666666666667 0.38229166666666664 0.14583333333333334 0.275
2 0.084375 0.6729166666666667 0.16875 0.2791666666666667
2 0.3229166666666667 0.6270833333333333 0.21666666666666667 0.2125
2 0.2989583333333333 0.43020833333333336 0.19166666666666668 0.22916666666666666
2 0.23541666666666666 0.2520833333333333 0.19791666666666666 0.2875
2 0.45729166666666665 0.871875 0.14166666666666666 0.22708333333333333
2 0.33125 0.784375 0.20208333333333334 0.19166666666666668
2 0.33645833333333336 0.9145833333333333 0.17916666666666667 0.14375
