2 0.64375 0.6979166666666666 0.14375 0.175
2 0.803125 0.7239583333333334 0.32083333333333336 0.24375
2 0.6979166666666666 0.8916666666666667 0.3020833333333333 0.2125
2 0.5354166666666667 0.9 0.2 0.2
2 0.409375 0.8697916666666666 0.16041666666666668 0.18541666666666667
2 0.109375 0.84375 0.20416666666666666 0.25833333333333336
2 0.10208333333333333 0.640625 0.20208333333333334 0.21458333333333332
2 0.08020833333333334 0.41875 0.16041666666666668 0.225
2 0.3302083333333333 0.6104166666666667 0.21875 0.18125
2 0.7635416666666667 0.5552083333333333 0.22291666666666668 0.17291666666666666
2 0.6354166666666666 0.47604166666666664 0.33125 0.21458333333333332
2 0.5395833333333333 0.2989583333333333 0.3020833333333333 0.26666666666666666
2 0.3 0.196875 0.3229166666666667 0.29583333333333334
2 0.24375 0.4270833333333333 0.25416666666666665 0.23541666666666666
2 0.15416666666666667 0.2552083333333333 0.2 0.18958333333333333
2 0.065625 0.24479166666666666 0.13125 0.20208333333333334
2 0.12708333333333333 0.053125 0.10625 0.075
2 0.027083333333333334 0.09791666666666667 0.05416666666666667 0.075
2 0.8958333333333334 0.4510416666666667 0.12708333333333333 0.09375
