2 0.6770833333333334 0.10833333333333334 0.10416666666666667 0.12708333333333333
2 0.47604166666666664 0.08229166666666667 0.26458333333333334 0.16458333333333333
2 0.6645833333333333 0.190625 0.175 0.14375
2 0.21354166666666666 0.08020833333333334 0.26458333333333334 0.16041666666666668
2 0.07708333333333334 0.3302083333333333 0.15208333333333332 0.25
2 0.3020833333333333 0.23333333333333334 0.23958333333333334 0.20625
2 0.50625 0.23541666666666666 0.23125 0.18333333333333332
2 0.7791666666666667 0.3145833333333333 0.14375 0.16666666666666666
2 0.9083333333333333 0.3375 0.18333333333333332 0.15833333333333333
2 0.903125 0.48333333333333334 0.19375 0.2375
2 0.93125 0.6927083333333334 0.13541666666666666 0.25
2 0.821875 0.9041666666666667 0.21458333333333332 0.19166666666666668
2 0.65625 0.8114583333333333 0.19166666666666668 0.2125
2 0.8 0.6947916666666667 0.17708333333333334 0.24583333333333332
2 0.4427083333333333 0.909375 0.2520833333333333 0.18125
2 0.3802083333333333 0.821875 0.24583333333333332 0.17291666666666666
2 0.196875 0.8604166666666667 0.1875 0.14583333333333334
2 0.17395833333333333 0.725 0.2 0.22291666666666668
2 0.04583333333333333 0.7072916666666667 0.09166666666666666 0.26875
2 0.18229166666666666 0.5677083333333334 0.22083333333333333 0.20625
2 0.23958333333333334 0.35520833333333335 0.2520833333333333 0.24375
2 0.42604166666666665 0.634375 0.23541666666666666 0.17708333333333334
2 0.575 0.696875 0.1875 0.20208333333333334
2 0.42083333333333334 0.521875 0.2125 0.225
2 0.45416666666666666 0.334375 0.23125 0.17291666666666666
2 0.6302083333333334 0.3489583333333333 0.21041666666666667 0.20416666666666666
2 0.7677083333333333 0.515625 0.19166666666666668 0.22083333333333333
2 0.5625 0.5364583333333334 0.20625 0.17916666666666667
