2 0.8927083333333333 0.15520833333333334 0.21458333333333332 0.19375
2 0.10625 0.78125 0.2125 0.2791666666666667
2 0.40208333333333335 0.8916666666666667 0.20416666666666666 0.21666666666666667
2 0.14895833333333333 0.65625 0.225 0.18958333333333333
2 0.315625 0.69375 0.25 0.22916666666666666
2 0.8770833333333333 0.5177083333333333 0.2375 0.24166666666666667
2 0.9 0.8135416666666667 0.15625 0.17916666666666667
2 0.7791666666666667 0.8802083333333334 0.24166666666666667 0.23958333333333334
2 0.5541666666666667 0.8958333333333334 0.20833333333333334 0.20833333333333334
2 0.6135416666666667 0.7479166666666667 0.27291666666666664 0.19166666666666668
2 0.7635416666666667 0.63125 0.275 0.26875
2 0.721875 0.41041666666666665 0.16875 0.19375
2 0.5458333333333333 0.396875 0.26666666666666666 0.19375
2 0.371875 0.5135416666666667 0.24166666666666667 0.2
2 0.5229166666666667 0.5947916666666667 0.20416666666666666 0.22291666666666668
2 0.3385416666666667 0.3697916666666667 0.23541666666666666 0.21041666666666667
2 0.16770833333333332 0.3416666666666667 0.17083333333333334 0.16458333333333333
2 0.128125 0.16041666666666668 0.20625 0.18333333333333332
2 0.5552083333333333 0.18229166666666666 0.15208333333333332 0.15833333333333333
2 0.40208333333333335 0.17708333333333334 0.24375 0.21041666666666667
2 0.3020833333333333 0.04895833333333333 0.25416666666666665 0.09791666666666667
