2 0.771875 0.48333333333333334 0.29583333333333334 0.2604166666666667
2 0.9177083333333333 0.42291666666666666 0.16458333333333333 0.26666666666666666
2 0.8520833333333333 0.16666666666666666 0.20833333333333334 0.2
2 0.7791666666666667 0.084375 0.19583333333333333 0.16875
2 0.675 0.05 0.1625 0.1
2 0.4552083333333333 0.121875 0.26875 0.24375
2 0.25 0.115625 0.19166666666666668 0.1875
2 0.10625 0.16458333333333333 0.2125 0.2125
2 0.509375 0.41770833333333335 0.24791666666666667 0.21666666666666667
2 0.43333333333333335 0.5510416666666667 0.23333333333333334 0.1875
2 0.35625 0.44479166666666664 0.1625 0.16875
2 0.6510416666666666 0.646875 0.20208333333333334 0.16875
2 0.5010416666666667 0.7072916666666667 0.26875 0.2375
2 0.79375 0.7354166666666667 0.26875 0.26666666666666666
2 0.571875 0.871875 0.27708333333333335 0.2375
2 0.4479166666666667 0.934375 0.20416666666666666 0.13125
2 0.2989583333333333 0.9583333333333334 0.18541666666666667 0.08333333333333333
2 0.16458333333333333 0.9572916666666667 0.1625 0.08541666666666667
2 0.23645833333333333 0.871875 0.21458333333333332 0.20833333333333334
2 0.13333333333333333 0.80625 0.20416666666666666 0.19375
2 0.190625 0.3145833333333333 0.24583333333333332 0.20208333333333334
2 0.13854166666666667 0.46979166666666666 0.26666666666666666 0.27291666666666664
2 0.2760416666666667 0.6552083333333333 0.19791666666666666 0.18958333333333333
2 0.128125 0.6666666666666666 0.17916666666666667 0.18958333333333333
