2 0.9052083333333333 0.30520833333333336 0.18958333333333333 0.3229166666666667
2 0.86875 0.16041666666666668 0.2625 0.21666666666666667
2 0.7572916666666667 0.29791666666666666 0.26875 0.2520833333333333
2 0.64375 0.109375 0.2125 0.20833333333333334
2 0.321875 0.140625 0.25625 0.25833333333333336
2 0.190625 0.11979166666666667 0.26875 0.23958333333333334
2 0.27291666666666664 0.3572916666666667 0.19375 0.20416666666666666
2 0.13229166666666667 0.6489583333333333 0.26458333333333334 0.36041666666666666
2 0.31145833333333334 0.88125 0.25416666666666665 0.21875
2 0.8020833333333334 0.8489583333333334 0.27291666666666664 0.2708333333333333
2 0.7166666666666667 0.940625 0.1875 0.11875
2 0.7645833333333333 0.6833333333333333 0.26666666666666666 0.23125
2 0.734375 0.47604166666666664 0.40208333333333335 0.3333333333333333
2 0.5385416666666667 0.5833333333333334 0.2875 0.31666666666666665
2 0.5645833333333333 0.8614583333333333 0.3458333333333333 0.27708333333333335
2 0.3729166666666667 0.7729166666666667 0.3020833333333333 0.20625
2 0.36354166666666665 0.6 0.2791666666666667 0.30416666666666664
2 0.421875 0.4083333333333333 0.3145833333333333 0.29375
2 0.18229166666666666 0.38333333333333336 0.22708333333333333 0.225
