2 0.8375 0.07291666666666667 0.25416666666666665 0.14583333333333334
2 0.8447916666666667 0.38229166666666664 0.3020833333333333 0.24166666666666667
2 0.875 0.8520833333333333 0.20416666666666666 0.19583333333333333
2 0.7677083333333333 0.8791666666666667 0.29583333333333334 0.23333333333333334
2 0.8458333333333333 0.65 0.30833333333333335 0.32916666666666666
2 0.6583333333333333 0.6989583333333333 0.12708333333333333 0.11458333333333333
2 0.7270833333333333 0.53125 0.22291666666666668 0.25416666666666665
2 0.5739583333333333 0.48333333333333334 0.21458333333333332 0.2625
2 0.48020833333333335 0.596875 0.22291666666666668 0.21041666666666667
2 0.9145833333333333 0.21458333333333332 0.15625 0.24583333333333332
2 0.7427083333333333 0.19270833333333334 0.22291666666666668 0.2875
2 0.575 0.071875 0.2791666666666667 0.14375
2 0.325 0.10208333333333333 0.3416666666666667 0.20416666666666666
2 0.13229166666666667 0.203125 0.26458333333333334 0.32708333333333334
2 0.6177083333333333 0.215625 0.25625 0.17916666666666667
2 0.41041666666666665 0.3145833333333333 0.3416666666666667 0.3645833333333333
2 0.053125 0.4197916666666667 0.10625 0.24375
2 0.05625 0.625 0.11041666666666666 0.19791666666666666
2 0.415625 0.8645833333333334 0.33958333333333335 0.2708333333333333
2 0.15729166666666666 0.8416666666666667 0.20625 0.2520833333333333
2 0.06666666666666667 0.8375 0.11875 0.22291666666666668
2 0.38125 0.728125 0.22916666666666666 0.24166666666666667
2 0.2 0.6802083333333333 0.2916666666666667 0.2520833333333333
2 0.18854166666666666 0.459375 0.20833333333333334 0.22083333333333333
