2 0.9447916666666667 0.3260416666666667 0.11041666666666666 0.14791666666666667
2 0.953125 0.196875 0.09375 0.26458333333333334
2 0.8520833333333333 0.27291666666666664 0.22708333333333333 0.24166666666666667
2 0.8708333333333333 0.45416666666666666 0.25833333333333336 0.25833333333333336
2 0.8729166666666667 0.85 0.19166666666666668 0.29583333333333334
2 0.6270833333333333 0.9114583333333334 0.25 0.17708333333333334
2 0.340625 0.903125 0.25416666666666665 0.18958333333333333
2 0.16666666666666666 0.7791666666666667 0.18958333333333333 0.19375
2 0.08854166666666667 0.8114583333333333 0.17708333333333334 0.27708333333333335
2 0.3125 0.7177083333333333 0.23541666666666666 0.24583333333333332
2 0.14583333333333334 0.5947916666666667 0.2916666666666667 0.28125
2 0.146875 0.425 0.29375 0.275
2 0.425 0.37604166666666666 0.225 0.22916666666666666
2 0.30520833333333336 0.259375 0.29791666666666666 0.3020833333333333
2 0.225 0.12708333333333333 0.3 0.25416666666666665
2 0.44895833333333335 0.10520833333333333 0.26458333333333334 0.21041666666666667
2 0.5520833333333334 0.7895833333333333 0.2 0.26666666666666666
2 0.7177083333333333 0.7427083333333333 0.2604166666666667 0.2625
2 0.7427083333333333 0.18645833333333334 0.2520833333333333 0.3333333333333333
2 0.7739583333333333 0.6239583333333333 0.16666666666666666 0.17083333333333334
