2 0.44375 0.8520833333333333 0.18541666666666667 0.19166666666666668
2 0.6729166666666667 0.8135416666666667 0.16666666666666666 0.21666666666666667
2 0.496875 0.6708333333333333 0.225 0.20625
2 0.07395833333333333 0.29375 0.14791666666666667 0.1625
2 0.18854166666666666 0.12916666666666668 0.2625 0.23958333333333334
2 0.4510416666666667 0.07395833333333333 0.26875 0.14791666666666667
2 0.34270833333333334 0.16041666666666668 0.21875 0.2375
2 0.7291666666666666 0.0875 0.20833333333333334 0.175
2 0.88125 0.13541666666666666 0.21041666666666667 0.22083333333333333
2 0.8583333333333333 0.3072916666666667 0.26458333333333334 0.23541666666666666
2 0.68125 0.41354166666666664 0.20833333333333334 0.22291666666666668
2 0.8708333333333333 0.5072916666666667 0.22916666666666666 0.21875
2 0.6989583333333333 0.609375 0.15833333333333333 0.1875
2 0.8447916666666667 0.7760416666666666 0.30625 0.30833333333333335
