2 0.09791666666666667 0.7229166666666667 0.19583333333333333 0.2875
2 0.052083333333333336 0.44166666666666665 0.10416666666666667 0.23333333333333334
2 0.11041666666666666 0.23645833333333333 0.20625 0.2791666666666667
2 0.17708333333333334 0.07604166666666666 0.19166666666666668 0.15208333333333332
2 0.3875 0.09166666666666666 0.2791666666666667 0.18333333333333332
2 0.38645833333333335 0.240625 0.25 0.21875
2 0.6885416666666667 0.11145833333333334 0.2520833333333333 0.21666666666666667
2 0.928125 0.20625 0.14375 0.23333333333333334
2 0.9145833333333333 0.371875 0.17083333333333334 0.27291666666666664
2 0.5354166666666667 0.31666666666666665 0.20833333333333334 0.27708333333333335
2 0.3260416666666667 0.434375 0.23125 0.20625
2 0.47708333333333336 0.4510416666666667 0.13333333333333333 0.1625
2 0.41458333333333336 0.615625 0.3 0.2
2 0.39166666666666666 0.7697916666666667 0.3104166666666667 0.22916666666666666
2 0.09375 0.9208333333333333 0.1875 0.125
2 0.20416666666666666 0.8802083333333334 0.25833333333333336 0.21666666666666667
2 0.42083333333333334 0.9197916666666667 0.24166666666666667 0.16041666666666668
2 0.78125 0.95 0.22083333333333333 0.1
2 0.865625 0.8927083333333333 0.23958333333333334 0.21458333333333332
2 0.7260416666666667 0.31354166666666666 0.2520833333333333 0.25
2 0.6322916666666667 0.5416666666666666 0.225 0.3020833333333333
2 0.6364583333333333 0.8510416666666667 0.20833333333333334 0.18125
2 0.7229166666666667 0.7302083333333333 0.3125 0.26875
2 0.9364583333333333 0.5708333333333333 0.12708333333333333 0.24583333333333332
2 0.7979166666666667 0.5864583333333333 0.18541666666666667 0.19791666666666666
