2 0.16041666666666668 0.3875 0.08958333333333333 0.10208333333333333
2 0.3697916666666667 0.3958333333333333 0.11458333333333333 0.09375
2 0.14583333333333334 0.7635416666666667 0.18125 0.17083333333333334
2 0.3489583333333333 0.834375 0.175 0.16041666666666668
2 0.54375 0.909375 0.20833333333333334 0.18125
2 0.1375 0.9270833333333334 0.19166666666666668 0.11875
2 0.81875 0.875 0.3333333333333333 0.25
2 0.93125 0.8145833333333333 0.1125 0.14791666666666667
2 0.8229166666666666 0.6572916666666667 0.23125 0.21041666666666667
2 0.9427083333333334 0.6270833333333333 0.10625 0.1
2 0.8010416666666667 0.475 0.13125 0.12083333333333333
2 0.9385416666666667 0.4197916666666667 0.12291666666666666 0.11875
2 0.7770833333333333 0.278125 0.13958333333333334 0.12291666666666666
2 0.9333333333333333 0.18125 0.13333333333333333 0.1625
2 0.5708333333333333 0.16041666666666668 0.11041666666666666 0.09375
2 0.240625 0.034375 0.14791666666666667 0.06875
2 0.4010416666666667 0.04791666666666667 0.15625 0.09583333333333334
2 0.8302083333333333 0.07708333333333334 0.16458333333333333 0.12916666666666668
