2 0.19375 0.125 0.24583333333333332 0.25
2 0.359375 0.084375 0.20208333333333334 0.16875
2 0.453125 0.18020833333333333 0.28541666666666665 0.22083333333333333
2 0.15833333333333333 0.496875 0.2625 0.3104166666666667
2 0.140625 0.29270833333333335 0.275 0.2708333333333333
2 0.403125 0.46145833333333336 0.30625 0.29375
2 0.6 0.5375 0.25 0.24791666666666667
2 0.421875 0.7 0.2604166666666667 0.28125
2 0.39479166666666665 0.8625 0.2604166666666667 0.275
2 0.15208333333333332 0.8041666666666667 0.30416666666666664 0.37083333333333335
2 0.69375 0.7145833333333333 0.3 0.2520833333333333
2 0.6208333333333333 0.8645833333333334 0.24166666666666667 0.23333333333333334
2 0.8333333333333334 0.8520833333333333 0.25 0.26875
2 0.878125 0.5989583333333334 0.24375 0.19791666666666666
2 0.89375 0.46875 0.2125 0.30416666666666664
2 0.7041666666666667 0.39166666666666666 0.3020833333333333 0.31875
2 0.6604166666666667 0.1625 0.25625 0.22708333333333333
2 0.921875 0.196875 0.15625 0.21041666666666667
2 0.8125 0.09583333333333334 0.25 0.17083333333333334
