2 0.14791666666666667 0.6520833333333333 0.29583333333333334 0.3416666666666667
2 0.36666666666666664 0.6854166666666667 0.23125 0.20416666666666666
2 0.565625 0.659375 0.275 0.24583333333333332
2 0.7791666666666667 0.753125 0.23125 0.225
2 0.8552083333333333 0.603125 0.25 0.24791666666666667
2 0.703125 0.5135416666666667 0.16458333333333333 0.22291666666666668
2 0.9197916666666667 0.42291666666666666 0.16041666666666668 0.3
2 0.8645833333333334 0.146875 0.23333333333333334 0.21458333333333332
2 0.6614583333333334 0.153125 0.17916666666666667 0.22708333333333333
2 0.49166666666666664 0.13125 0.1125 0.1125
2 0.18541666666666667 0.11875 0.3541666666666667 0.2375
