2 0.20416666666666666 0.7114583333333333 0.3375 0.3458333333333333
2 0.259375 0.35520833333333335 0.2520833333333333 0.2833333333333333
2 0.19270833333333334 0.15625 0.28958333333333336 0.3125
2 0.11979166666666667 0.4427083333333333 0.23958333333333334 0.3645833333333333
2 0.07916666666666666 0.5510416666666667 0.15833333333333333 0.34791666666666665
2 0.8770833333333333 0.20833333333333334 0.24583333333333332 0.2833333333333333
2 0.49895833333333334 0.8166666666666667 0.19583333333333333 0.2520833333333333
2 0.7697916666666667 0.9552083333333333 0.24375 0.08958333333333333
2 0.675 0.7395833333333334 0.2833333333333333 0.3458333333333333
2 0.79375 0.8 0.29583333333333334 0.31875
2 0.8614583333333333 0.6333333333333333 0.27708333333333335 0.30833333333333335
2 0.4875 0.13541666666666666 0.35 0.2708333333333333
2 0.6760416666666667 0.14375 0.3729166666666667 0.2875
2 0.5729166666666666 0.35208333333333336 0.30416666666666664 0.3125
2 0.41041666666666665 0.28541666666666665 0.18125 0.225
2 0.8697916666666666 0.36666666666666664 0.2604166666666667 0.2875
2 0.5770833333333333 0.509375 0.3333333333333333 0.2916666666666667
