2 0.6177083333333333 0.7104166666666667 0.25416666666666665 0.2375
2 0.42604166666666665 0.565625 0.10208333333333333 0.10208333333333333
2 0.53125 0.44583333333333336 0.11875 0.11041666666666666
2 0.684375 0.5041666666666667 0.3375 0.27291666666666664
2 0.765625 0.9125 0.22708333333333333 0.175
2 0.37916666666666665 0.9104166666666667 0.2791666666666667 0.17916666666666667
2 0.5979166666666667 0.8854166666666666 0.20416666666666666 0.20208333333333334
2 0.08645833333333333 0.8395833333333333 0.17291666666666666 0.1875
2 0.03958333333333333 0.6791666666666667 0.07916666666666666 0.2375
2 0.14166666666666666 0.60625 0.2833333333333333 0.24583333333333332
2 0.128125 0.23020833333333332 0.2 0.2375
2 0.31666666666666665 0.18333333333333332 0.24375 0.24166666666666667
2 0.30625 0.06458333333333334 0.3458333333333333 0.12916666666666668
2 0.6583333333333333 0.32395833333333335 0.11458333333333333 0.09791666666666667
2 0.48854166666666665 0.3 0.11458333333333333 0.09583333333333334
2 0.3770833333333333 0.43854166666666666 0.1 0.10208333333333333
2 0.7677083333333333 0.23125 0.09791666666666667 0.07708333333333334
2 0.8989583333333333 0.109375 0.11458333333333333 0.08958333333333333
2 0.7427083333333333 0.07291666666666667 0.08333333333333333 0.07708333333333334
2 0.5354166666666667 0.16354166666666667 0.26458333333333334 0.26875
