2 0.28958333333333336 0.74375 0.23125 0.23958333333333334
2 0.59375 0.628125 0.23333333333333334 0.21666666666666667
2 0.690625 0.76875 0.11041666666666666 0.1125
2 0.9229166666666667 0.646875 0.15416666666666667 0.17291666666666666
2 0.890625 0.3302083333333333 0.20208333333333334 0.17916666666666667
2 0.8791666666666667 0.05416666666666667 0.2 0.10833333333333334
2 0.6822916666666666 0.053125 0.22291666666666668 0.10625
2 0.5010416666666667 0.146875 0.225 0.17291666666666666
2 0.4395833333333333 0.3260416666666667 0.27291666666666664 0.225
2 0.7447916666666666 0.3385416666666667 0.21458333333333332 0.20833333333333334
2 0.7041666666666667 0.190625 0.22708333333333333 0.1625
2 0.8322916666666667 0.16770833333333332 0.14166666666666666 0.15208333333333332
2 0.7802083333333333 0.5510416666666667 0.21458333333333332 0.18958333333333333
2 0.9177083333333333 0.5177083333333333 0.16458333333333333 0.19375
2 0.6270833333333333 0.42083333333333334 0.17291666666666666 0.15625
2 0.9322916666666666 0.8510416666666667 0.13541666666666666 0.23125
