2 0.8 0.5947916666666667 0.28541666666666665 0.23333333333333334
2 0.9041666666666667 0.7927083333333333 0.15 0.2125
2 0.8520833333333333 0.93125 0.19583333333333333 0.1375
2 0.6958333333333333 0.896875 0.325 0.20625
2 0.5833333333333334 0.3697916666666667 0.175 0.14166666666666666
2 0.4322916666666667 0.35104166666666664 0.225 0.33541666666666664
2 0.13020833333333334 0.08645833333333333 0.18541666666666667 0.17291666666666666
2 0.20520833333333333 0.3104166666666667 0.28125 0.2625
2 0.303125 0.12708333333333333 0.25625 0.25416666666666665
2 0.19166666666666668 0.40625 0.275 0.23125
2 0.7 0.8083333333333333 0.14583333333333334 0.12708333333333333
