2 0.27708333333333335 0.9333333333333333 0.1875 0.13333333333333333
2 0.12916666666666668 0.8822916666666667 0.22083333333333333 0.23541666666666666
2 0.30520833333333336 0.8291666666666667 0.1125 0.15416666666666667
2 0.6322916666666667 0.8864583333333333 0.2520833333333333 0.225
2 0.8041666666666667 0.7854166666666667 0.19583333333333333 0.2125
2 0.9458333333333333 0.746875 0.10833333333333334 0.23125
2 0.86875 0.8927083333333333 0.2625 0.18125
2 0.8604166666666667 0.13958333333333334 0.24583333333333332 0.2791666666666667
2 0.865625 0.51875 0.26875 0.3
2 0.7447916666666666 0.5885416666666666 0.18958333333333333 0.23333333333333334
2 0.6677083333333333 0.7375 0.14166666666666666 0.15
2 0.4979166666666667 0.7572916666666667 0.2625 0.2604166666666667
2 0.19479166666666667 0.7416666666666667 0.21666666666666667 0.21458333333333332
2 0.09375 0.6166666666666667 0.1875 0.23541666666666666
2 0.09479166666666666 0.4270833333333333 0.18958333333333333 0.225
2 0.14895833333333333 0.140625 0.22291666666666668 0.20625
2 0.06145833333333333 0.115625 0.12291666666666666 0.18125
2 0.4395833333333333 0.06875 0.2833333333333333 0.1375
2 0.81875 0.29791666666666666 0.23958333333333334 0.2625
2 0.6666666666666666 0.13020833333333334 0.20416666666666666 0.24791666666666667
2 0.6989583333333333 0.4427083333333333 0.17083333333333334 0.20625
2 0.5875 0.29583333333333334 0.22916666666666666 0.225
2 0.41354166666666664 0.25729166666666664 0.18333333333333332 0.24583333333333332
2 0.2625 0.25833333333333336 0.20833333333333334 0.23125
2 0.2552083333333333 0.44166666666666665 0.2520833333333333 0.25416666666666665
2 0.3489583333333333 0.6708333333333333 0.25 0.23541666666666666
2 0.5885416666666666 0.5708333333333333 0.18333333333333332 0.22708333333333333
2 0.4864583333333333 0.46875 0.2791666666666667 0.2125
