2 0.6604166666666667 0.8541666666666666 0.225 0.20625
2 0.64375 0.7229166666666667 0.24375 0.2875
2 0.7989583333333333 0.7302083333333333 0.22083333333333333 0.22083333333333333
2 0.7552083333333334 0.5802083333333333 0.325 0.3625
2 0.7416666666666667 0.27708333333333335 0.41458333333333336 0.3875
2 0.4375 0.21770833333333334 0.2375 0.27708333333333335
2 0.5802083333333333 0.13125 0.24375 0.2625
2 0.8125 0.08854166666666667 0.25 0.17708333333333334
2 0.6885416666666667 0.11041666666666666 0.21458333333333332 0.22083333333333333
2 0.44166666666666665 0.10833333333333334 0.24583333333333332 0.21666666666666667
