2 0.290625 0.85 0.15416666666666667 0.17083333333333334
2 0.3614583333333333 0.9385416666666667 0.21875 0.12291666666666666
2 0.50625 0.83125 0.27708333333333335 0.22291666666666668
2 0.8583333333333333 0.8239583333333333 0.24583333333333332 0.25
2 0.8895833333333333 0.5822916666666667 0.22083333333333333 0.28125
2 0.8041666666666667 0.178125 0.13333333333333333 0.17291666666666666
2 0.7489583333333333 0.30625 0.19166666666666668 0.19375
2 0.6625 0.471875 0.27291666666666664 0.17708333333333334
2 0.6291666666666667 0.6947916666666667 0.13541666666666666 0.16041666666666668
2 0.534375 0.628125 0.21041666666666667 0.3020833333333333
2 0.31666666666666665 0.6770833333333334 0.13958333333333334 0.19791666666666666
2 0.18229166666666666 0.603125 0.33125 0.3145833333333333
2 0.665625 0.05520833333333333 0.09791666666666667 0.11041666666666666
2 0.61875 0.18333333333333332 0.14583333333333334 0.12291666666666666
2 0.5177083333333333 0.30520833333333336 0.1875 0.22291666666666668
2 0.2760416666666667 0.390625 0.21458333333333332 0.2125
2 0.18333333333333332 0.2635416666666667 0.14375 0.13541666666666666
2 0.42291666666666666 0.18645833333333334 0.225 0.14791666666666667
2 0.28229166666666666 0.12291666666666666 0.1875 0.19166666666666668
2 0.10416666666666667 0.09791666666666667 0.20833333333333334 0.15
