2 0.13958333333333334 0.175 0.2791666666666667 0.2833333333333333
2 0.5541666666666667 0.13125 0.325 0.2625
2 0.41770833333333335 0.21041666666666667 0.31666666666666665 0.2791666666666667
2 0.8375 0.36041666666666666 0.325 0.35
2 0.796875 0.12708333333333333 0.31875 0.25416666666666665
2 0.7385416666666667 0.8447916666666667 0.3020833333333333 0.2604166666666667
2 0.8572916666666667 0.6729166666666667 0.28541666666666665 0.26666666666666666
2 0.2125 0.44166666666666665 0.3125 0.3854166666666667
2 0.34479166666666666 0.44166666666666665 0.28958333333333336 0.27708333333333335
2 0.690625 0.22395833333333334 0.26458333333333334 0.27291666666666664
2 0.5395833333333333 0.4822916666666667 0.325 0.2875
2 0.5166666666666667 0.7114583333333333 0.38333333333333336 0.32708333333333334
2 0.5541666666666667 0.8541666666666666 0.2708333333333333 0.2604166666666667
2 0.36354166666666665 0.8791666666666667 0.3104166666666667 0.24166666666666667
2 0.16875 0.8416666666666667 0.2791666666666667 0.31666666666666665
2 0.17708333333333334 0.6270833333333333 0.35 0.29583333333333334
2 0.2677083333333333 0.7354166666666667 0.26875 0.20625
2 0.8875 0.571875 0.225 0.29791666666666666
