2 0.7229166666666667 0.9458333333333333 0.35 0.10833333333333334
2 0.73125 0.828125 0.44583333333333336 0.34375
2 0.8541666666666666 0.6447916666666667 0.2916666666666667 0.33958333333333335
2 0.8895833333333333 0.4 0.22083333333333333 0.30416666666666664
2 0.890625 0.2125 0.21875 0.2875
2 0.7677083333333333 0.19583333333333333 0.31875 0.33541666666666664
2 0.575 0.10208333333333333 0.22916666666666666 0.20416666666666666
2 0.678125 0.48020833333333335 0.3875 0.43125
2 0.503125 0.7052083333333333 0.32916666666666666 0.34791666666666665
2 0.25729166666666664 0.7927083333333333 0.4354166666666667 0.3958333333333333
2 0.3145833333333333 0.46875 0.38333333333333336 0.425
2 0.16354166666666667 0.5572916666666666 0.32708333333333334 0.4354166666666667
2 0.190625 0.22395833333333334 0.3333333333333333 0.3625
2 0.3854166666666667 0.21041666666666667 0.40625 0.3645833333333333
2 0.190625 0.06354166666666666 0.20625 0.12708333333333333
