2 0.7291666666666666 0.7697916666666667 0.21875 0.22916666666666666
2 0.671875 0.68125 0.26875 0.23333333333333334
2 0.8770833333333333 0.790625 0.19791666666666666 0.24583333333333332
2 0.846875 0.43333333333333335 0.15 0.16666666666666666
2 0.890625 0.37604166666666666 0.13958333333333334 0.2
2 0.7083333333333334 0.4583333333333333 0.3875 0.28958333333333336
2 0.625 0.54375 0.3375 0.37083333333333335
2 0.453125 0.3572916666666667 0.24375 0.29583333333333334
2 0.353125 0.440625 0.24166666666666667 0.30416666666666664
2 0.17916666666666667 0.4510416666666667 0.3 0.22083333333333333
2 0.134375 0.3375 0.26458333333333334 0.29375
2 0.784375 0.21354166666666666 0.2833333333333333 0.21666666666666667
2 0.896875 0.15729166666666666 0.17708333333333334 0.21875
2 0.49895833333333334 0.15104166666666666 0.39791666666666664 0.27291666666666664
2 0.315625 0.15208333333333332 0.2708333333333333 0.21041666666666667
2 0.17604166666666668 0.171875 0.3 0.3229166666666667
