2 0.74375 0.7375 0.3020833333333333 0.29375
2 0.5135416666666667 0.746875 0.28958333333333336 0.24791666666666667
2 0.19791666666666666 0.8770833333333333 0.325 0.24583333333333332
2 0.909375 0.5260416666666666 0.18125 0.26875
2 0.5541666666666667 0.59375 0.1875 0.1625
2 0.871875 0.146875 0.20208333333333334 0.29375
2 0.7197916666666667 0.228125 0.36666666666666664 0.38125
2 0.68125 0.051041666666666666 0.20833333333333334 0.10208333333333333
2 0.496875 0.13958333333333334 0.2 0.19583333333333333
2 0.61875 0.446875 0.28541666666666665 0.275
2 0.475 0.43645833333333334 0.21666666666666667 0.24583333333333332
2 0.31354166666666666 0.3645833333333333 0.35625 0.3416666666666667
2 0.859375 0.8864583333333333 0.2791666666666667 0.17083333333333334
2 0.5177083333333333 0.90625 0.24791666666666667 0.1875
2 0.10208333333333333 0.18854166666666666 0.20416666666666666 0.29375
2 0.12395833333333334 0.4479166666666667 0.24791666666666667 0.2625
2 0.28229166666666666 0.1375 0.2875 0.22083333333333333
