2 0.8604166666666667 0.2760416666666667 0.22916666666666666 0.2604166666666667
2 0.9479166666666666 0.46875 0.10416666666666667 0.2125
2 0.9447916666666667 0.6510416666666666 0.11041666666666666 0.2520833333333333
2 0.35833333333333334 0.10833333333333334 0.24166666666666667 0.21458333333333332
2 0.12916666666666668 0.11979166666666667 0.25833333333333336 0.21458333333333332
2 0.078125 0.253125 0.15625 0.21458333333333332
2 0.628125 0.14166666666666666 0.28541666666666665 0.2833333333333333
2 0.7885416666666667 0.8864583333333333 0.2833333333333333 0.2125
2 0.390625 0.928125 0.24791666666666667 0.14375
2 0.23020833333333332 0.875 0.19375 0.25
2 0.7875 0.53125 0.33541666666666664 0.26875
2 0.7083333333333334 0.403125 0.2833333333333333 0.2604166666666667
2 0.5020833333333333 0.753125 0.33958333333333335 0.3
2 0.12708333333333333 0.8041666666666667 0.23541666666666666 0.25416666666666665
2 0.3104166666666667 0.66875 0.23333333333333334 0.2708333333333333
2 0.5125 0.5197916666666667 0.25 0.2708333333333333
2 0.5291666666666667 0.34375 0.22708333333333333 0.21041666666666667
2 0.3416666666666667 0.24166666666666667 0.30833333333333335 0.27708333333333335
2 0.290625 0.4479166666666667 0.30416666666666664 0.25833333333333336
2 0.08645833333333333 0.49270833333333336 0.17291666666666666 0.24375
