2 0.051041666666666666 0.25 0.10208333333333333 0.2708333333333333
2 0.14479166666666668 0.265625 0.28958333333333336 0.35208333333333336
2 0.36041666666666666 0.16458333333333333 0.3770833333333333 0.325
2 0.5375 0.23333333333333334 0.3645833333333333 0.36666666666666664
2 0.7208333333333333 0.12708333333333333 0.37916666666666665 0.25416666666666665
2 0.8291666666666667 0.23854166666666668 0.28958333333333336 0.30625
2 0.596875 0.459375 0.37083333333333335 0.35208333333333336
2 0.07291666666666667 0.5333333333333333 0.14583333333333334 0.2791666666666667
2 0.15729166666666666 0.6489583333333333 0.3145833333333333 0.34375
2 0.328125 0.5760416666666667 0.325 0.3875
2 0.228125 0.8479166666666667 0.35208333333333336 0.30416666666666664
2 0.8427083333333333 0.453125 0.3145833333333333 0.32708333333333334
2 0.9010416666666666 0.5791666666666667 0.19791666666666666 0.32083333333333336
2 0.9364583333333333 0.7947916666666667 0.12708333333333333 0.22708333333333333
2 0.8635416666666667 0.7458333333333333 0.27291666666666664 0.30416666666666664
2 0.565625 0.6197916666666666 0.31666666666666665 0.24583333333333332
2 0.41041666666666665 0.8739583333333333 0.325 0.2520833333333333
2 0.48541666666666666 0.8364583333333333 0.24166666666666667 0.275
2 0.6510416666666666 0.7604166666666666 0.30416666666666664 0.32708333333333334
2 0.7572916666666667 0.8635416666666667 0.28541666666666665 0.225
