2 0.8822916666666667 0.7729166666666667 0.23541666666666666 0.3125
2 0.7645833333333333 0.8583333333333333 0.23125 0.21666666666666667
2 0.64375 0.7895833333333333 0.31875 0.2708333333333333
2 0.8260416666666667 0.39791666666666664 0.31666666666666665 0.35208333333333336
2 0.871875 0.584375 0.25625 0.3145833333333333
2 0.6041666666666666 0.5072916666666667 0.3541666666666667 0.3458333333333333
2 0.39375 0.4947916666666667 0.28958333333333336 0.2875
2 0.5125 0.28541666666666665 0.30625 0.3229166666666667
2 0.48541666666666666 0.140625 0.30833333333333335 0.28125
2 0.7489583333333333 0.15520833333333334 0.39375 0.3104166666666667
2 0.24895833333333334 0.35520833333333335 0.33958333333333335 0.30416666666666664
2 0.271875 0.190625 0.2791666666666667 0.275
2 0.11041666666666666 0.26666666666666666 0.22083333333333333 0.30833333333333335
2 0.12395833333333334 0.521875 0.24791666666666667 0.23958333333333334
2 0.13333333333333333 0.6520833333333333 0.26666666666666666 0.3375
2 0.33958333333333335 0.6666666666666666 0.35625 0.36666666666666664
2 0.4510416666666667 0.8677083333333333 0.29375 0.26458333333333334
2 0.18125 0.9010416666666666 0.2125 0.19791666666666666
2 0.32708333333333334 0.9364583333333333 0.275 0.12708333333333333
