2 0.6447916666666667 0.159375 0.275 0.25625
2 0.86875 0.21979166666666666 0.2625 0.27708333333333335
2 0.9083333333333333 0.7614583333333333 0.18333333333333332 0.17291666666666666
2 0.13958333333333334 0.8427083333333333 0.125 0.17291666666666666
2 0.23125 0.7614583333333333 0.22916666666666666 0.20833333333333334
2 0.33125 0.834375 0.12916666666666668 0.14375
2 0.4427083333333333 0.8739583333333333 0.19791666666666666 0.21458333333333332
2 0.659375 0.865625 0.2125 0.225
2 0.51875 0.65 0.26458333333333334 0.26875
2 0.07291666666666667 0.5364583333333334 0.14583333333333334 0.22291666666666668
2 0.18958333333333333 0.5052083333333334 0.16041666666666668 0.25625
2 0.41458333333333336 0.5260416666666666 0.22291666666666668 0.21875
2 0.425 0.2708333333333333 0.26875 0.34791666666666665
2 0.21041666666666667 0.06145833333333333 0.24375 0.12291666666666666
2 0.246875 0.203125 0.22291666666666668 0.20625
2 0.06458333333333334 0.22604166666666667 0.12916666666666668 0.22708333333333333
2 0.09270833333333334 0.353125 0.18541666666666667 0.16875
2 0.796875 0.590625 0.12916666666666668 0.08958333333333333
2 0.7583333333333333 0.396875 0.1 0.07083333333333333
2 0.65 0.32708333333333334 0.15 0.08958333333333333
2 0.890625 0.06458333333333334 0.21875 0.12916666666666668
2 0.903125 0.5010416666666667 0.14375 0.3
