2 0.228125 0.109375 0.23541666666666666 0.18333333333333332
2 0.071875 0.23958333333333334 0.14375 0.24583333333333332
2 0.18125 0.25729166666666664 0.20625 0.17083333333333334
2 0.11666666666666667 0.828125 0.18333333333333332 0.22708333333333333
2 0.11875 0.6395833333333333 0.23333333333333334 0.23958333333333334
2 0.22083333333333333 0.9541666666666667 0.25833333333333336 0.09166666666666666
2 0.33958333333333335 0.8166666666666667 0.23125 0.28125
2 0.5322916666666667 0.834375 0.24375 0.26875
2 0.6260416666666667 0.7458333333333333 0.24166666666666667 0.24166666666666667
2 0.8895833333333333 0.68125 0.22083333333333333 0.225
2 0.8479166666666667 0.48854166666666665 0.23541666666666666 0.26458333333333334
2 0.9447916666666667 0.4822916666666667 0.11041666666666666 0.2520833333333333
2 0.68125 0.5104166666666666 0.25625 0.25
2 0.8802083333333334 0.315625 0.22708333333333333 0.25625
2 0.8010416666666667 0.1375 0.24583333333333332 0.2
2 0.859375 0.06875 0.19375 0.1375
2 0.678125 0.071875 0.24791666666666667 0.14375
2 0.45416666666666666 0.07916666666666666 0.22083333333333333 0.15833333333333333
2 0.48020833333333335 0.4979166666666667 0.24375 0.26875
2 0.41875 0.26458333333333334 0.2875 0.25625
2 0.6604166666666667 0.26666666666666666 0.29375 0.2916666666666667
2 0.2791666666666667 0.5197916666666667 0.2375 0.22708333333333333
2 0.14583333333333334 0.39479166666666665 0.2916666666666667 0.25625
