2 0.7083333333333334 0.08333333333333333 0.3125 0.16666666666666666
2 0.8479166666666667 0.14895833333333333 0.24166666666666667 0.29791666666666666
2 0.7520833333333333 0.35520833333333335 0.3770833333333333 0.39166666666666666
2 0.9041666666666667 0.5 0.19166666666666668 0.2625
2 0.8395833333333333 0.740625 0.32083333333333336 0.39791666666666664
2 0.5104166666666666 0.775 0.36041666666666666 0.33958333333333335
2 0.45 0.38125 0.31666666666666665 0.375
2 0.36875 0.07708333333333334 0.15208333333333332 0.14166666666666666
2 0.403125 0.209375 0.18125 0.20625
2 0.59375 0.2375 0.16875 0.1625
2 0.4375 0.546875 0.27708333333333335 0.27708333333333335
2 0.27291666666666664 0.54375 0.22916666666666666 0.25416666666666665
2 0.28125 0.7197916666666667 0.2791666666666667 0.26458333333333334
2 0.17395833333333333 0.784375 0.30833333333333335 0.32708333333333334
2 0.20729166666666668 0.903125 0.30625 0.19375
2 0.628125 0.896875 0.34791666666666665 0.20625
2 0.16354166666666667 0.3302083333333333 0.32708333333333334 0.41041666666666665
2 0.159375 0.18020833333333333 0.3145833333333333 0.3020833333333333
2 0.13854166666666667 0.51875 0.27708333333333335 0.375
