2 0.784375 0.35104166666666664 0.24375 0.20833333333333334
2 0.21770833333333334 0.3854166666666667 0.2 0.16666666666666666
2 0.41041666666666665 0.121875 0.28958333333333336 0.24375
2 0.8114583333333333 0.0875 0.27291666666666664 0.175
2 0.6041666666666666 0.09166666666666666 0.25 0.18333333333333332
2 0.5697916666666667 0.225 0.28125 0.31875
2 0.4270833333333333 0.303125 0.26875 0.26875
2 0.43020833333333336 0.48333333333333334 0.23541666666666666 0.24791666666666667
2 0.5625 0.4552083333333333 0.28125 0.28958333333333336
2 0.16145833333333334 0.153125 0.26666666666666666 0.24375
2 0.06458333333333334 0.309375 0.12916666666666668 0.34791666666666665
2 0.11770833333333333 0.5885416666666666 0.23541666666666666 0.2604166666666667
2 0.2875 0.5885416666666666 0.3125 0.31666666666666665
2 0.7385416666666667 0.56875 0.27291666666666664 0.30416666666666664
2 0.7822916666666667 0.8635416666666667 0.24375 0.22291666666666668
2 0.553125 0.7104166666666667 0.29375 0.28958333333333336
2 0.3333333333333333 0.8895833333333333 0.25833333333333336 0.22083333333333333
2 0.365625 0.7427083333333333 0.28541666666666665 0.26875
2 0.12395833333333334 0.759375 0.21041666666666667 0.25625
2 0.9354166666666667 0.7958333333333333 0.12916666666666668 0.2875
2 0.484375 0.8760416666666667 0.17916666666666667 0.22083333333333333
2 0.690625 0.78125 0.26458333333333334 0.26875
2 0.8822916666666667 0.48541666666666666 0.23541666666666666 0.21666666666666667
