2 0.090625 0.5958333333333333 0.18125 0.24583333333333332
2 0.146875 0.31875 0.28958333333333336 0.33541666666666664
2 0.2375 0.065625 0.2375 0.13125
2 0.23125 0.20208333333333334 0.20416666666666666 0.26666666666666666
2 0.40520833333333334 0.16041666666666668 0.3104166666666667 0.32083333333333336
2 0.571875 0.11875 0.2833333333333333 0.2375
2 0.7875 0.24479166666666666 0.32083333333333336 0.38333333333333336
2 0.6291666666666667 0.38958333333333334 0.2916666666666667 0.29583333333333334
2 0.85625 0.42916666666666664 0.2875 0.26666666666666666
2 0.9302083333333333 0.32708333333333334 0.13958333333333334 0.3458333333333333
2 0.028125 0.7385416666666667 0.05625 0.32708333333333334
2 0.15729166666666666 0.7927083333333333 0.3145833333333333 0.32708333333333334
2 0.31354166666666666 0.821875 0.39791666666666664 0.35625
2 0.5260416666666666 0.8510416666666667 0.36041666666666666 0.29791666666666666
2 0.8260416666666667 0.5927083333333333 0.29583333333333334 0.29791666666666666
2 0.29375 0.4125 0.32708333333333334 0.2625
2 0.4270833333333333 0.5885416666666666 0.28541666666666665 0.29583333333333334
2 0.21770833333333334 0.553125 0.20625 0.15833333333333333
2 0.6229166666666667 0.6270833333333333 0.28125 0.275
2 0.6989583333333333 0.78125 0.3 0.2875
2 0.79375 0.8895833333333333 0.24583333333333332 0.22083333333333333
2 0.88125 0.7458333333333333 0.1875 0.21041666666666667
