2 0.109375 0.5447916666666667 0.21875 0.28125
2 0.16354166666666667 0.9416666666666667 0.19791666666666666 0.11666666666666667
2 0.12916666666666668 0.80625 0.20208333333333334 0.26666666666666666
2 0.03958333333333333 0.296875 0.07916666666666666 0.19375
2 0.12395833333333334 0.296875 0.24791666666666667 0.3229166666666667
2 0.4583333333333333 0.09166666666666666 0.32916666666666666 0.18333333333333332
2 0.303125 0.8479166666666667 0.29583333333333334 0.3020833333333333
2 0.46875 0.828125 0.3125 0.34375
2 0.6625 0.8739583333333333 0.3375 0.2520833333333333
2 0.8854166666666666 0.8385416666666666 0.22916666666666666 0.22708333333333333
2 0.2635416666666667 0.65 0.2791666666666667 0.23541666666666666
2 0.20208333333333334 0.471875 0.29375 0.24375
2 0.38229166666666664 0.5354166666666667 0.28125 0.35
2 0.6833333333333333 0.090625 0.21666666666666667 0.18125
2 0.75 0.13333333333333333 0.20208333333333334 0.25833333333333336
2 0.321875 0.22604166666666667 0.24583333333333332 0.30625
2 0.56875 0.22395833333333334 0.3770833333333333 0.3854166666666667
2 0.55 0.48020833333333335 0.29375 0.3770833333333333
2 0.846875 0.3145833333333333 0.29375 0.30416666666666664
2 0.8427083333333333 0.5375 0.3145833333333333 0.3875
2 0.8520833333333333 0.7322916666666667 0.27291666666666664 0.3229166666666667
2 0.6520833333333333 0.75 0.34375 0.28125
