2 0.3958333333333333 0.8020833333333334 0.2833333333333333 0.32916666666666666
2 0.61875 0.5927083333333333 0.2708333333333333 0.24375
2 0.3458333333333333 0.18229166666666666 0.29791666666666666 0.2625
2 0.190625 0.04791666666666667 0.18125 0.09583333333333334
2 0.13020833333333334 0.24895833333333334 0.22291666666666668 0.30833333333333335
2 0.9416666666666667 0.3375 0.11666666666666667 0.20833333333333334
2 0.8385416666666666 0.30416666666666664 0.25416666666666665 0.24791666666666667
2 0.9166666666666666 0.5270833333333333 0.16666666666666666 0.2875
2 0.8625 0.6302083333333334 0.22083333333333333 0.2375
2 0.8197916666666667 0.8052083333333333 0.23333333333333334 0.2625
2 0.6083333333333333 0.76875 0.2708333333333333 0.2875
2 0.628125 0.9145833333333333 0.28541666666666665 0.17083333333333334
2 0.4864583333333333 0.9302083333333333 0.22291666666666668 0.13958333333333334
