2 0.08125 0.6604166666666667 0.1625 0.29583333333333334
2 0.06979166666666667 0.834375 0.13958333333333334 0.18541666666666667
2 0.16458333333333333 0.78125 0.1625 0.23125
2 0.7635416666666667 0.6083333333333333 0.30833333333333335 0.25833333333333336
2 0.8333333333333334 0.7854166666666667 0.22916666666666666 0.23541666666666666
2 0.6520833333333333 0.9208333333333333 0.23333333333333334 0.15833333333333333
2 0.4114583333333333 0.6697916666666667 0.24375 0.26666666666666666
2 0.5041666666666667 0.790625 0.23541666666666666 0.28125
2 0.3177083333333333 0.8708333333333333 0.24375 0.2375
2 0.465625 0.43125 0.28958333333333336 0.2875
2 0.8385416666666666 0.46875 0.3 0.2604166666666667
2 0.8927083333333333 0.35625 0.21458333333333332 0.275
2 0.8833333333333333 0.16458333333333333 0.23333333333333334 0.225
2 0.5927083333333333 0.0875 0.32708333333333334 0.175
2 0.54375 0.2760416666666667 0.19583333333333333 0.18125
2 0.4479166666666667 0.1875 0.26875 0.26666666666666666
2 0.3541666666666667 0.06875 0.225 0.1375
2 0.246875 0.17395833333333333 0.22291666666666668 0.24583333333333332
2 0.134375 0.26875 0.22083333333333333 0.21666666666666667
2 0.22916666666666666 0.3385416666666667 0.21666666666666667 0.225
2 0.11875 0.44895833333333335 0.2375 0.26875
