2 0.8572916666666667 0.14166666666666666 0.25416666666666665 0.22083333333333333
2 0.909375 0.31979166666666664 0.18125 0.24375
2 0.7802083333333333 0.421875 0.24375 0.2375
2 0.7364583333333333 0.26979166666666665 0.2 0.20208333333333334
2 0.5583333333333333 0.3697916666666667 0.21458333333333332 0.19791666666666666
2 0.4739583333333333 0.053125 0.24791666666666667 0.10625
2 0.42916666666666664 0.17395833333333333 0.23541666666666666 0.23333333333333334
2 0.6135416666666667 0.19583333333333333 0.22291666666666668 0.23125
2 0.38125 0.303125 0.17083333333333334 0.20833333333333334
2 0.13020833333333334 0.1125 0.17916666666666667 0.17916666666666667
2 0.13541666666666666 0.040625 0.15833333333333333 0.08125
2 0.24895833333333334 0.15104166666666666 0.17083333333333334 0.2125
2 0.090625 0.37916666666666665 0.18125 0.25416666666666665
2 0.20625 0.346875 0.18958333333333333 0.2604166666666667
2 0.31145833333333334 0.46041666666666664 0.225 0.2375
2 0.459375 0.490625 0.16041666666666668 0.16041666666666668
2 0.06354166666666666 0.6354166666666666 0.12708333333333333 0.2625
2 0.07291666666666667 0.853125 0.14583333333333334 0.19791666666666666
2 0.18020833333333333 0.8041666666666667 0.23541666666666666 0.28958333333333336
2 0.17395833333333333 0.603125 0.19375 0.28958333333333336
2 0.30520833333333336 0.6791666666666667 0.16666666666666666 0.22916666666666666
2 0.5270833333333333 0.603125 0.20625 0.28958333333333336
2 0.6885416666666667 0.65 0.24166666666666667 0.23333333333333334
2 0.8895833333333333 0.75625 0.19375 0.28541666666666665
2 0.41041666666666665 0.8135416666666667 0.20833333333333334 0.21458333333333332
2 0.5802083333333333 0.859375 0.23541666666666666 0.225
2 0.7572916666666667 0.9072916666666667 0.22708333333333333 0.18541666666666667
