2 0.057291666666666664 0.34791666666666665 0.11458333333333333 0.2875
2 0.10729166666666666 0.5958333333333333 0.21458333333333332 0.275
2 0.28125 0.740625 0.24375 0.24791666666666667
2 0.146875 0.8125 0.23541666666666666 0.275
2 0.4354166666666667 0.946875 0.19583333333333333 0.10625
2 0.38958333333333334 0.8822916666666667 0.15 0.15208333333333332
2 0.284375 0.9239583333333333 0.25625 0.15208333333333332
2 0.16145833333333334 0.9604166666666667 0.18125 0.07916666666666666
2 0.09479166666666666 0.1375 0.18958333333333333 0.175
2 0.24479166666666666 0.096875 0.25416666666666665 0.15625
2 0.125 0.22708333333333333 0.22291666666666668 0.21875
2 0.271875 0.18229166666666666 0.23958333333333334 0.23125
2 0.21041666666666667 0.3458333333333333 0.225 0.25833333333333336
2 0.465625 0.09166666666666666 0.2520833333333333 0.18333333333333332
2 0.90625 0.13541666666666666 0.11666666666666667 0.26458333333333334
2 0.7697916666666667 0.121875 0.26458333333333334 0.24375
2 0.609375 0.18854166666666666 0.19791666666666666 0.25
2 0.46875 0.2375 0.25833333333333336 0.2520833333333333
2 0.7802083333333333 0.30625 0.2791666666666667 0.21041666666666667
2 0.9229166666666667 0.35833333333333334 0.15416666666666667 0.24166666666666667
2 0.9072916666666667 0.5864583333333333 0.18541666666666667 0.2604166666666667
2 0.9322916666666666 0.7958333333333333 0.13541666666666666 0.2708333333333333
2 0.8458333333333333 0.8729166666666667 0.28125 0.18958333333333333
2 0.7885416666666667 0.7645833333333333 0.26875 0.22083333333333333
2 0.8010416666666667 0.5875 0.18958333333333333 0.225
2 0.6791666666666667 0.6208333333333333 0.25 0.22708333333333333
2 0.8114583333333333 0.4708333333333333 0.2520833333333333 0.20416666666666666
2 0.665625 0.425 0.23125 0.22083333333333333
2 0.5114583333333333 0.44895833333333335 0.20416666666666666 0.22083333333333333
2 0.3729166666666667 0.41875 0.24791666666666667 0.25625
2 0.47604166666666664 0.609375 0.27708333333333335 0.25416666666666665
2 0.5427083333333333 0.778125 0.21458333333333332 0.24375
