2 0.428125 0.3541666666666667 0.18958333333333333 0.1875
2 0.5197916666666667 0.275 0.15208333333333332 0.18541666666666667
2 0.5583333333333333 0.115625 0.25416666666666665 0.23125
2 0.715625 0.33125 0.23958333333333334 0.26875
2 0.728125 0.5166666666666667 0.23958333333333334 0.28125
2 0.8989583333333333 0.334375 0.20208333333333334 0.24791666666666667
2 0.14583333333333334 0.125 0.2708333333333333 0.25
2 0.23125 0.42604166666666665 0.17083333333333334 0.13958333333333334
2 0.171875 0.353125 0.30625 0.3
2 0.084375 0.7291666666666666 0.16875 0.2125
2 0.5114583333333333 0.5270833333333333 0.2 0.23125
2 0.9208333333333333 0.7770833333333333 0.15416666666666667 0.3416666666666667
2 0.75625 0.9385416666666667 0.2625 0.12291666666666666
2 0.80625 0.6541666666666667 0.19375 0.25
2 0.46770833333333334 0.7770833333333333 0.23333333333333334 0.21875
2 0.434375 0.9072916666666667 0.23958333333333334 0.18541666666666667
2 0.084375 0.9010416666666666 0.16875 0.18541666666666667
2 0.659375 0.753125 0.20833333333333334 0.19791666666666666
2 0.22604166666666667 0.6791666666666667 0.2520833333333333 0.29791666666666666
2 0.3625 0.5666666666666667 0.36041666666666666 0.34375
2 0.30833333333333335 0.8104166666666667 0.26458333333333334 0.18125
2 0.3729166666666667 0.071875 0.26666666666666666 0.14375
2 0.9385416666666667 0.12083333333333333 0.12291666666666666 0.22916666666666666
