2 0.7125 0.23020833333333332 0.175 0.22708333333333333
2 0.5489583333333333 0.27395833333333336 0.3375 0.25625
2 0.4010416666666667 0.31145833333333334 0.14791666666666667 0.16875
2 0.3385416666666667 0.20416666666666666 0.25833333333333336 0.21666666666666667
2 0.24791666666666667 0.165625 0.20416666666666666 0.19583333333333333
2 0.20520833333333333 0.28229166666666666 0.25416666666666665 0.25625
2 0.09479166666666666 0.1625 0.14791666666666667 0.325
2 0.13854166666666667 0.44479166666666664 0.15833333333333333 0.17291666666666666
2 0.065625 0.6947916666666667 0.13125 0.23958333333333334
2 0.27708333333333335 0.5458333333333333 0.20208333333333334 0.27291666666666664
2 0.22083333333333333 0.6447916666666667 0.28541666666666665 0.25833333333333336
2 0.44895833333333335 0.5302083333333333 0.24375 0.25
2 0.5541666666666667 0.628125 0.2 0.26875
2 0.43645833333333334 0.659375 0.22083333333333333 0.3
2 0.7760416666666666 0.740625 0.3229166666666667 0.4
2 0.7260416666666667 0.8822916666666667 0.38125 0.23541666666666666
