2 0.1125 0.9260416666666667 0.17916666666666667 0.1375
2 0.08541666666666667 0.5947916666666667 0.17083333333333334 0.18125
2 0.30833333333333335 0.534375 0.24166666666666667 0.21458333333333332
2 0.16979166666666667 0.3333333333333333 0.22083333333333333 0.19583333333333333
2 0.07708333333333334 0.22708333333333333 0.14791666666666667 0.20416666666666666
2 0.0875 0.06875 0.1625 0.1375
2 0.37395833333333334 0.384375 0.22916666666666666 0.14375
2 0.2708333333333333 0.153125 0.22916666666666666 0.27291666666666664
2 0.5020833333333333 0.3020833333333333 0.15833333333333333 0.13125
2 0.5364583333333334 0.16354166666666667 0.25 0.16041666666666668
2 0.8916666666666667 0.21770833333333334 0.21666666666666667 0.3020833333333333
2 0.7791666666666667 0.415625 0.24583333333333332 0.2625
2 0.8052083333333333 0.609375 0.2875 0.23541666666666666
2 0.69375 0.8010416666666667 0.30625 0.26458333333333334
2 0.5041666666666667 0.9145833333333333 0.25416666666666665 0.17083333333333334
2 0.9020833333333333 0.9114583333333334 0.15833333333333333 0.17708333333333334
2 0.7572916666666667 0.946875 0.26875 0.10625
