2 0.23020833333333332 0.8854166666666666 0.29791666666666666 0.2
2 0.46041666666666664 0.884375 0.22083333333333333 0.23125
2 0.6072916666666667 0.8572916666666667 0.2708333333333333 0.26458333333333334
2 0.86875 0.734375 0.225 0.20208333333333334
2 0.8760416666666667 0.890625 0.17291666666666666 0.21875
2 0.865625 0.5489583333333333 0.26875 0.28125
2 0.21145833333333333 0.7291666666666666 0.24166666666666667 0.2625
2 0.36041666666666666 0.7229166666666667 0.22083333333333333 0.24166666666666667
2 0.09895833333333333 0.5604166666666667 0.19791666666666666 0.24583333333333332
2 0.16770833333333332 0.11875 0.23125 0.2375
2 0.15 0.3072916666666667 0.23333333333333334 0.24791666666666667
2 0.2916666666666667 0.446875 0.31875 0.2604166666666667
2 0.53125 0.5427083333333333 0.26875 0.36875
2 0.665625 0.5489583333333333 0.24166666666666667 0.25
2 0.5447916666666667 0.11875 0.26875 0.2375
2 0.3770833333333333 0.14895833333333333 0.2875 0.29791666666666666
2 0.3875 0.3 0.28541666666666665 0.24375
2 0.6020833333333333 0.3020833333333333 0.24583333333333332 0.25
2 0.7510416666666667 0.390625 0.2708333333333333 0.2791666666666667
2 0.875 0.13645833333333332 0.25 0.20625
2 0.27291666666666664 0.5708333333333333 0.23541666666666666 0.22291666666666668
