2 0.12708333333333333 0.8916666666666667 0.23333333333333334 0.21666666666666667
2 0.0875 0.68125 0.17291666666666666 0.225
2 0.07604166666666666 0.4239583333333333 0.15208333333333332 0.20625
2 0.125 0.5239583333333333 0.25 0.18541666666666667
2 0.15625 0.14791666666666667 0.2520833333333333 0.27291666666666664
2 0.30625 0.29375 0.15833333333333333 0.21875
2 0.384375 0.10625 0.25833333333333336 0.2125
2 0.6239583333333333 0.09583333333333334 0.21875 0.19166666666666668
2 0.509375 0.24375 0.23541666666666666 0.22708333333333333
2 0.31666666666666665 0.46145833333333336 0.19375 0.25
2 0.5541666666666667 0.4375 0.21458333333333332 0.19166666666666668
2 0.4895833333333333 0.8302083333333333 0.15208333333333332 0.17291666666666666
2 0.796875 0.9197916666666667 0.21041666666666667 0.15416666666666667
2 0.6052083333333333 0.9145833333333333 0.22708333333333333 0.17083333333333334
2 0.8791666666666667 0.7354166666666667 0.24166666666666667 0.25
2 0.25416666666666665 0.66875 0.22291666666666668 0.2625
2 0.28541666666666665 0.846875 0.21458333333333332 0.21458333333333332
2 0.45729166666666665 0.6208333333333333 0.21666666666666667 0.2625
2 0.7520833333333333 0.6052083333333333 0.15416666666666667 0.23541666666666666
2 0.8760416666666667 0.4427083333333333 0.24791666666666667 0.23958333333333334
2 0.9177083333333333 0.275 0.16041666666666668 0.21041666666666667
2 0.6583333333333333 0.29270833333333335 0.19375 0.25
2 0.8010416666666667 0.20520833333333333 0.21458333333333332 0.24375
