2 0.14791666666666667 0.69375 0.25 0.23958333333333334
2 0.13333333333333333 0.8802083333333334 0.19166666666666668 0.23958333333333334
2 0.3020833333333333 0.821875 0.25833333333333336 0.28541666666666665
2 0.3697916666666667 0.9145833333333333 0.25625 0.17083333333333334
2 0.6177083333333333 0.8666666666666667 0.33125 0.26666666666666666
2 0.9541666666666667 0.815625 0.09166666666666666 0.23958333333333334
2 0.8729166666666667 0.721875 0.25416666666666665 0.3104166666666667
2 0.7010416666666667 0.46979166666666666 0.24791666666666667 0.24166666666666667
2 0.640625 0.6552083333333333 0.23541666666666666 0.25625
2 0.11354166666666667 0.4625 0.22708333333333333 0.29583333333333334
2 0.275 0.24270833333333333 0.26875 0.2604166666666667
2 0.2677083333333333 0.45625 0.25 0.28125
2 0.4552083333333333 0.425 0.22916666666666666 0.23958333333333334
2 0.4166666666666667 0.61875 0.3125 0.325
2 0.8114583333333333 0.071875 0.26458333333333334 0.14375
2 0.7572916666666667 0.22916666666666666 0.35208333333333336 0.4041666666666667
2 0.08020833333333334 0.28229166666666666 0.16041666666666668 0.19375
