2 0.9520833333333333 0.821875 0.09583333333333334 0.22708333333333333
2 0.94375 0.6010416666666667 0.1125 0.24375
2 0.8395833333333333 0.06458333333333334 0.20416666666666666 0.12916666666666668
2 0.6697916666666667 0.09583333333333334 0.25625 0.19166666666666668
2 0.8177083333333334 0.184375 0.26666666666666666 0.25
2 0.6677083333333333 0.25416666666666665 0.27291666666666664 0.28958333333333336
2 0.896875 0.39166666666666666 0.20625 0.21666666666666667
2 0.7125 0.4864583333333333 0.4270833333333333 0.29375
2 0.84375 0.6104166666666667 0.2375 0.25625
2 0.8625 0.8177083333333334 0.25 0.225
2 0.7385416666666667 0.8166666666666667 0.32083333333333336 0.27291666666666664
2 0.559375 0.725 0.30833333333333335 0.3125
2 0.4708333333333333 0.17291666666666666 0.2125 0.25625
2 0.4666666666666667 0.38333333333333336 0.24375 0.31666666666666665
2 0.265625 0.9239583333333333 0.3020833333333333 0.15208333333333332
2 0.53125 0.9197916666666667 0.2125 0.16041666666666668
2 0.27291666666666664 0.39791666666666664 0.4354166666666667 0.3729166666666667
2 0.35 0.6177083333333333 0.3229166666666667 0.2708333333333333
2 0.38125 0.78125 0.2916666666666667 0.1875
2 0.17083333333333334 0.8177083333333334 0.28958333333333336 0.3020833333333333
2 0.1125 0.6135416666666667 0.225 0.31875
2 0.3104166666666667 0.13020833333333334 0.17708333333333334 0.17083333333333334
2 0.12083333333333333 0.20208333333333334 0.175 0.15833333333333333
2 0.08333333333333333 0.34791666666666665 0.16666666666666666 0.22916666666666666
