2 0.28125 0.18125 0.2625 0.26458333333333334
2 0.13541666666666666 0.36041666666666666 0.2708333333333333 0.2833333333333333
2 0.10520833333333333 0.546875 0.21041666666666667 0.3104166666666667
2 0.309375 0.4322916666666667 0.3 0.34791666666666665
2 0.46041666666666664 0.3697916666666667 0.26666666666666666 0.3145833333333333
2 0.5947916666666667 0.13020833333333334 0.39791666666666664 0.2604166666666667
2 0.8177083333333334 0.034375 0.18958333333333333 0.06875
2 0.7572916666666667 0.16458333333333333 0.3145833333333333 0.2708333333333333
2 0.534375 0.2875 0.25 0.2520833333333333
2 0.63125 0.2625 0.2375 0.19583333333333333
2 0.8645833333333334 0.33541666666666664 0.25625 0.2520833333333333
2 0.6489583333333333 0.47604166666666664 0.31666666666666665 0.21875
2 0.865625 0.5364583333333334 0.26875 0.35208333333333336
2 0.22083333333333333 0.7125 0.3145833333333333 0.3125
2 0.46145833333333336 0.6604166666666667 0.29375 0.25625
2 0.15833333333333333 0.925 0.17916666666666667 0.15
2 0.3489583333333333 0.8885416666666667 0.3145833333333333 0.22291666666666668
2 0.428125 0.8052083333333333 0.25416666666666665 0.22291666666666668
2 0.590625 0.88125 0.29791666666666666 0.2375
2 0.6260416666666667 0.74375 0.29583333333333334 0.2791666666666667
2 0.8354166666666667 0.8114583333333333 0.32916666666666666 0.28125
