2 0.17708333333333334 0.653125 0.1 0.11041666666666666
2 0.384375 0.61875 0.12291666666666666 0.10625
2 0.11666666666666667 0.28229166666666666 0.19791666666666666 0.18958333333333333
2 0.309375 0.18645833333333334 0.18958333333333333 0.17916666666666667
2 0.49270833333333336 0.09375 0.22708333333333333 0.1875
2 0.09375 0.11979166666666667 0.1875 0.13958333333333334
2 0.7697916666666667 0.115625 0.36041666666666666 0.23125
2 0.8895833333333333 0.13541666666666666 0.12916666666666668 0.15833333333333333
2 0.8010416666666667 0.30416666666666664 0.25416666666666665 0.23541666666666666
2 0.9239583333333333 0.31979166666666664 0.11666666666666667 0.11041666666666666
2 0.8010416666666667 0.48854166666666665 0.14375 0.13541666666666666
2 0.9395833333333333 0.5239583333333333 0.12083333333333333 0.13125
2 0.8020833333333334 0.6864583333333333 0.15208333333333332 0.1375
2 0.946875 0.7614583333333333 0.10625 0.17708333333333334
2 0.6114583333333333 0.8291666666666667 0.12083333333333333 0.10625
2 0.29791666666666666 0.9739583333333334 0.15833333333333333 0.052083333333333336
2 0.45625 0.9520833333333333 0.16666666666666666 0.09583333333333334
2 0.8791666666666667 0.8791666666666667 0.17708333333333334 0.14583333333333334
