2 0.21666666666666667 0.6354166666666666 0.30625 0.26458333333333334
2 0.140625 0.8458333333333333 0.175 0.225
2 0.21354166666666666 0.9489583333333333 0.21458333333333332 0.10208333333333333
2 0.3645833333333333 0.8989583333333333 0.3458333333333333 0.20208333333333334
2 0.39895833333333336 0.38333333333333336 0.1875 0.16041666666666668
2 0.5458333333333333 0.34270833333333334 0.2625 0.3541666666666667
2 0.8020833333333334 0.06770833333333333 0.2125 0.13541666666666666
2 0.765625 0.2708333333333333 0.30833333333333335 0.2916666666666667
2 0.6395833333333333 0.12083333333333333 0.2875 0.24166666666666667
2 0.7927083333333333 0.3645833333333333 0.29583333333333334 0.2604166666666667
2 0.34479166666666666 0.8333333333333334 0.15833333333333333 0.14166666666666666
