2 0.0625 0.8083333333333333 0.125 0.2375
2 0.28229166666666666 0.8385416666666666 0.3 0.29583333333333334
2 0.140625 0.859375 0.20416666666666666 0.1875
2 0.603125 0.9229166666666667 0.28541666666666665 0.15416666666666667
2 0.7 0.8572916666666667 0.30833333333333335 0.28541666666666665
2 0.46979166666666666 0.846875 0.2833333333333333 0.2625
2 0.446875 0.6822916666666666 0.19791666666666666 0.19791666666666666
2 0.10625 0.6072916666666667 0.2125 0.27291666666666664
2 0.2375 0.6197916666666666 0.26458333333333334 0.2708333333333333
2 0.12395833333333334 0.22916666666666666 0.20625 0.29583333333333334
2 0.25833333333333336 0.12395833333333334 0.31666666666666665 0.24791666666666667
2 0.24791666666666667 0.3416666666666667 0.3333333333333333 0.2833333333333333
2 0.871875 0.8875 0.14583333333333334 0.16458333333333333
2 0.9020833333333333 0.7572916666666667 0.15 0.22083333333333333
2 0.7916666666666666 0.7145833333333333 0.26666666666666666 0.21041666666666667
2 0.6625 0.65 0.3125 0.26875
2 0.6979166666666666 0.47291666666666665 0.275 0.24791666666666667
2 0.884375 0.55625 0.23125 0.26666666666666666
2 0.90625 0.40625 0.1875 0.2375
2 0.8770833333333333 0.2791666666666667 0.24583333333333332 0.30416666666666664
2 0.8583333333333333 0.13645833333333332 0.2833333333333333 0.19791666666666666
2 0.6833333333333333 0.08020833333333334 0.21666666666666667 0.14375
2 0.5364583333333334 0.15520833333333334 0.36041666666666666 0.2916666666666667
2 0.4395833333333333 0.06770833333333333 0.275 0.13541666666666666
2 0.55625 0.365625 0.3375 0.3
