2 0.7854166666666667 0.11666666666666667 0.26666666666666666 0.23333333333333334
2 0.7822916666666667 0.26979166666666665 0.20208333333333334 0.23125
2 0.5416666666666666 0.06875 0.2375 0.1375
2 0.34791666666666665 0.071875 0.2875 0.14375
2 0.10625 0.2375 0.1625 0.16458333333333333
2 0.0625 0.35520833333333335 0.125 0.17708333333333334
2 0.090625 0.653125 0.16041666666666668 0.19166666666666668
2 0.121875 0.846875 0.18958333333333333 0.23125
2 0.2677083333333333 0.9427083333333334 0.15625 0.11458333333333333
2 0.40520833333333334 0.9489583333333333 0.13125 0.10208333333333333
2 0.8822916666666667 0.8666666666666667 0.23541666666666666 0.20416666666666666
2 0.7510416666666667 0.8760416666666667 0.22708333333333333 0.1875
2 0.9270833333333334 0.6239583333333333 0.14583333333333334 0.15625
2 0.5395833333333333 0.859375 0.2520833333333333 0.23541666666666666
2 0.6604166666666667 0.7114583333333333 0.17916666666666667 0.19583333333333333
2 0.7875 0.590625 0.275 0.25625
2 0.6729166666666667 0.4791666666666667 0.26875 0.27291666666666664
2 0.45416666666666666 0.6947916666666667 0.28541666666666665 0.21041666666666667
2 0.4322916666666667 0.5197916666666667 0.24375 0.19375
2 0.08125 0.471875 0.1625 0.18541666666666667
2 0.265625 0.47708333333333336 0.2791666666666667 0.24583333333333332
2 0.22395833333333334 0.290625 0.2 0.18125
2 0.3302083333333333 0.22291666666666668 0.2520833333333333 0.25
2 0.54375 0.27395833333333336 0.2375 0.3125
2 0.6635416666666667 0.21979166666666666 0.175 0.23125
