2 0.5291666666666667 0.8885416666666667 0.21875 0.2
2 0.5583333333333333 0.7583333333333333 0.23541666666666666 0.28125
2 0.7020833333333333 0.81875 0.21458333333333332 0.21458333333333332
2 0.7125 0.6625 0.3145833333333333 0.35625
2 0.8010416666666667 0.371875 0.39791666666666664 0.3770833333333333
2 0.5375 0.21354166666666666 0.23125 0.27291666666666664
2 0.7072916666666667 0.165625 0.23541666666666666 0.28958333333333336
2 0.9135416666666667 0.18125 0.17291666666666666 0.25833333333333336
2 0.8125 0.19166666666666668 0.21041666666666667 0.23333333333333334
2 0.5802083333333333 0.10833333333333334 0.23958333333333334 0.21666666666666667
