2 0.6791666666666667 0.9166666666666666 0.17916666666666667 0.16041666666666668
2 0.565625 0.9104166666666667 0.08125 0.11666666666666667
2 0.465625 0.7875 0.1625 0.19166666666666668
2 0.2864583333333333 0.7510416666666667 0.16875 0.19791666666666666
2 0.15833333333333333 0.9145833333333333 0.22083333333333333 0.17083333333333334
2 0.103125 0.7083333333333334 0.19791666666666666 0.20416666666666666
2 0.8739583333333333 0.7135416666666666 0.23333333333333334 0.25833333333333336
2 0.659375 0.6239583333333333 0.2604166666666667 0.21458333333333332
2 0.8385416666666666 0.515625 0.27291666666666664 0.22708333333333333
2 0.6979166666666666 0.28229166666666666 0.24583333333333332 0.2375
2 0.8489583333333334 0.06145833333333333 0.24791666666666667 0.12291666666666666
2 0.6885416666666667 0.06666666666666667 0.18958333333333333 0.13333333333333333
2 0.5104166666666666 0.15 0.29583333333333334 0.28958333333333336
2 0.5041666666666667 0.49895833333333334 0.29375 0.25625
2 0.421875 0.31354166666666666 0.16875 0.18125
2 0.24895833333333334 0.278125 0.28958333333333336 0.28541666666666665
2 0.28229166666666666 0.084375 0.24583333333333332 0.1625
2 0.121875 0.1625 0.1875 0.19583333333333333
