2 0.07395833333333333 0.6479166666666667 0.14791666666666667 0.2916666666666667
2 0.06666666666666667 0.8322916666666667 0.13333333333333333 0.22291666666666668
2 0.209375 0.8791666666666667 0.22083333333333333 0.21041666666666667
2 0.85625 0.915625 0.22916666666666666 0.16875
2 0.8697916666666666 0.7 0.25 0.2625
2 0.5729166666666666 0.871875 0.24166666666666667 0.18541666666666667
2 0.6572916666666667 0.9333333333333333 0.2520833333333333 0.13333333333333333
2 0.09791666666666667 0.396875 0.19583333333333333 0.19375
2 0.08125 0.18854166666666666 0.13125 0.24583333333333332
2 0.14375 0.06666666666666667 0.225 0.13333333333333333
2 0.22083333333333333 0.23229166666666667 0.15625 0.19375
2 0.22604166666666667 0.5020833333333333 0.22916666666666666 0.21041666666666667
2 0.20625 0.6510416666666666 0.20416666666666666 0.19583333333333333
2 0.375 0.634375 0.26875 0.2916666666666667
2 0.4010416666666667 0.4583333333333333 0.18125 0.18333333333333332
2 0.9229166666666667 0.12604166666666666 0.15416666666666667 0.19375
2 0.4125 0.20208333333333334 0.23125 0.30416666666666664
2 0.6322916666666667 0.7322916666666667 0.32916666666666666 0.2708333333333333
2 0.6854166666666667 0.603125 0.25416666666666665 0.2125
2 0.5427083333333333 0.46770833333333334 0.25416666666666665 0.23333333333333334
2 0.9177083333333333 0.3854166666666667 0.16458333333333333 0.32916666666666666
2 0.8208333333333333 0.45208333333333334 0.18958333333333333 0.1875
2 0.8416666666666667 0.20625 0.22083333333333333 0.21875
2 0.7 0.31875 0.28125 0.2625
2 0.684375 0.11666666666666667 0.24166666666666667 0.22291666666666668
