2 0.375 0.45208333333333334 0.3458333333333333 0.3875
2 0.13020833333333334 0.7697916666666667 0.2604166666666667 0.30625
2 0.32083333333333336 0.8291666666666667 0.29375 0.29791666666666666
2 0.6708333333333333 0.85 0.325 0.3
2 0.809375 0.8927083333333333 0.2604166666666667 0.21458333333333332
2 0.7958333333333333 0.565625 0.32708333333333334 0.39166666666666666
2 0.884375 0.20729166666666668 0.23125 0.29791666666666666
2 0.6708333333333333 0.15104166666666666 0.33958333333333335 0.3020833333333333
2 0.6291666666666667 0.40520833333333334 0.32916666666666666 0.3
2 0.5552083333333333 0.5364583333333334 0.32083333333333336 0.32708333333333334
2 0.3020833333333333 0.09375 0.2833333333333333 0.1875
2 0.4552083333333333 0.9052083333333333 0.25625 0.18958333333333333
2 0.48333333333333334 0.746875 0.29583333333333334 0.33125
2 0.3614583333333333 0.6447916666666667 0.27291666666666664 0.29583333333333334
2 0.6802083333333333 0.28854166666666664 0.35 0.23125
