2 0.30625 0.2625 0.4395833333333333 0.36666666666666664
2 0.13645833333333332 0.3145833333333333 0.27291666666666664 0.3375
2 0.4510416666666667 0.08541666666666667 0.3020833333333333 0.17083333333333334
2 0.165625 0.53125 0.33125 0.425
2 0.4 0.5229166666666667 0.34375 0.33958333333333335
2 0.33125 0.7822916666666667 0.3458333333333333 0.35208333333333336
2 0.5083333333333333 0.7697916666666667 0.18958333333333333 0.16875
2 0.18645833333333334 0.896875 0.28125 0.20625
2 0.14479166666666668 0.7604166666666666 0.25416666666666665 0.27708333333333335
2 0.7395833333333334 0.778125 0.3104166666666667 0.25833333333333336
2 0.6822916666666666 0.8822916666666667 0.26875 0.22291666666666668
2 0.859375 0.734375 0.28125 0.40625
2 0.5625 0.565625 0.28541666666666665 0.31875
2 0.6739583333333333 0.61875 0.27291666666666664 0.24791666666666667
2 0.7822916666666667 0.5104166666666666 0.31666666666666665 0.31875
2 0.8791666666666667 0.5739583333333333 0.24166666666666667 0.30625
2 0.6875 0.265625 0.42916666666666664 0.4375
2 0.8604166666666667 0.18854166666666666 0.24166666666666667 0.3770833333333333
