2 0.759375 0.4625 0.3333333333333333 0.29583333333333334
2 0.696875 0.23854166666666668 0.33125 0.29583333333333334
2 0.5 0.321875 0.23125 0.2375
2 0.41770833333333335 0.17083333333333334 0.29791666666666666 0.23333333333333334
2 0.234375 0.64375 0.26458333333333334 0.28958333333333336
2 0.41875 0.628125 0.20416666666666666 0.2791666666666667
2 0.228125 0.44166666666666665 0.25833333333333336 0.26875
2 0.12395833333333334 0.31354166666666666 0.24791666666666667 0.24791666666666667
2 0.1125 0.5385416666666667 0.21875 0.23125
2 0.07395833333333333 0.171875 0.14791666666666667 0.22291666666666668
2 0.3697916666666667 0.40625 0.25 0.2520833333333333
2 0.31354166666666666 0.10104166666666667 0.2875 0.2
