2 0.5302083333333333 0.14479166666666668 0.28541666666666665 0.28958333333333336
2 0.215625 0.14895833333333333 0.28541666666666665 0.23333333333333334
2 0.38645833333333335 0.075 0.21041666666666667 0.15
2 0.06458333333333334 0.190625 0.12916666666666668 0.21875
2 0.453125 0.34375 0.175 0.13333333333333333
2 0.2552083333333333 0.9333333333333333 0.29791666666666666 0.13333333333333333
2 0.40625 0.8041666666666667 0.23333333333333334 0.21458333333333332
2 0.14583333333333334 0.76875 0.2375 0.28125
2 0.27395833333333336 0.678125 0.2604166666666667 0.2791666666666667
2 0.22083333333333333 0.37604166666666666 0.29791666666666666 0.27708333333333335
2 0.08645833333333333 0.43854166666666666 0.17291666666666666 0.27708333333333335
2 0.4354166666666667 0.5645833333333333 0.25416666666666665 0.28125
