2 0.796875 0.096875 0.29375 0.19375
2 0.6114583333333333 0.16145833333333334 0.29583333333333334 0.27708333333333335
2 0.5166666666666667 0.07604166666666666 0.30833333333333335 0.15208333333333332
2 0.2916666666666667 0.128125 0.22291666666666668 0.225
2 0.8739583333333333 0.471875 0.2520833333333333 0.28125
2 0.8458333333333333 0.8447916666666667 0.30833333333333335 0.24375
2 0.5875 0.8791666666666667 0.26666666666666666 0.2125
2 0.3385416666666667 0.725 0.29375 0.2791666666666667
2 0.6666666666666666 0.32916666666666666 0.3854166666666667 0.36875
2 0.4083333333333333 0.25729166666666664 0.23958333333333334 0.2708333333333333
2 0.58125 0.675 0.3333333333333333 0.27291666666666664
2 0.5927083333333333 0.5291666666666667 0.425 0.4166666666666667
2 0.25416666666666665 0.5395833333333333 0.2520833333333333 0.22291666666666668
2 0.3645833333333333 0.4479166666666667 0.2520833333333333 0.31875
2 0.23854166666666668 0.2916666666666667 0.30833333333333335 0.42291666666666666
2 0.09583333333333334 0.40729166666666666 0.19166666666666668 0.33541666666666664
2 0.21041666666666667 0.8447916666666667 0.35 0.3104166666666667
2 0.14166666666666666 0.7364583333333333 0.24791666666666667 0.25625
2 0.16145833333333334 0.9427083333333334 0.19375 0.11458333333333333
