2 0.06979166666666667 0.5354166666666667 0.13958333333333334 0.2833333333333333
2 0.041666666666666664 0.31666666666666665 0.08333333333333333 0.1875
2 0.0875 0.165625 0.175 0.26458333333333334
2 0.13020833333333334 0.403125 0.18333333333333332 0.18125
2 0.16458333333333333 0.2520833333333333 0.22916666666666666 0.2708333333333333
2 0.31979166666666664 0.11875 0.25833333333333336 0.22708333333333333
2 0.5041666666666667 0.09583333333333334 0.25833333333333336 0.19166666666666668
2 0.07916666666666666 0.7791666666666667 0.12916666666666668 0.24375
2 0.17916666666666667 0.9052083333333333 0.19583333333333333 0.18958333333333333
2 0.890625 0.24270833333333333 0.18958333333333333 0.21458333333333332
2 0.35104166666666664 0.8947916666666667 0.26458333333333334 0.21041666666666667
2 0.9166666666666666 0.59375 0.16666666666666666 0.26666666666666666
2 0.153125 0.5479166666666667 0.18541666666666667 0.23958333333333334
2 0.24583333333333332 0.47604166666666664 0.23958333333333334 0.2708333333333333
2 0.40729166666666666 0.33541666666666664 0.325 0.37083333333333335
2 0.696875 0.15104166666666666 0.28541666666666665 0.28125
2 0.5020833333333333 0.41354166666666664 0.28541666666666665 0.23125
2 0.6427083333333333 0.3260416666666667 0.24375 0.21875
2 0.7052083333333333 0.45208333333333334 0.27708333333333335 0.23541666666666666
2 0.853125 0.4239583333333333 0.22083333333333333 0.26666666666666666
2 0.18229166666666666 0.7510416666666667 0.19791666666666666 0.25
2 0.5739583333333333 0.9208333333333333 0.25625 0.15833333333333333
2 0.8270833333333333 0.84375 0.28125 0.2708333333333333
2 0.315625 0.7104166666666667 0.24583333333333332 0.29583333333333334
2 0.49583333333333335 0.6302083333333334 0.26666666666666666 0.30625
2 0.6979166666666666 0.64375 0.3125 0.27291666666666664
2 0.5625 0.809375 0.21875 0.22083333333333333
