2 0.8885416666666667 0.11145833333333334 0.22291666666666668 0.20625
2 0.7333333333333333 0.11354166666666667 0.2604166666666667 0.22083333333333333
2 0.840625 0.29583333333333334 0.31875 0.30833333333333335
2 0.6666666666666666 0.365625 0.38333333333333336 0.33125
2 0.39166666666666666 0.0875 0.2 0.175
2 0.234375 0.209375 0.30625 0.24583333333333332
2 0.14583333333333334 0.428125 0.27291666666666664 0.2875
2 0.084375 0.10729166666666666 0.15208333333333332 0.21458333333333332
2 0.4114583333333333 0.26458333333333334 0.12291666666666666 0.16041666666666668
2 0.34791666666666665 0.421875 0.35833333333333334 0.32708333333333334
2 0.665625 0.5135416666666667 0.3458333333333333 0.2604166666666667
2 0.9052083333333333 0.6364583333333333 0.18958333333333333 0.26875
2 0.8614583333333333 0.8614583333333333 0.2604166666666667 0.23541666666666666
2 0.6989583333333333 0.840625 0.25625 0.3145833333333333
2 0.48020833333333335 0.853125 0.3104166666666667 0.29375
2 0.578125 0.6489583333333333 0.28958333333333336 0.28541666666666665
2 0.23854166666666668 0.85 0.26458333333333334 0.23125
2 0.32916666666666666 0.7166666666666667 0.23541666666666666 0.32708333333333334
2 0.115625 0.7520833333333333 0.23125 0.24583333333333332
2 0.11770833333333333 0.9104166666666667 0.23541666666666666 0.15833333333333333
