2 0.09479166666666666 0.21145833333333333 0.14583333333333334 0.14166666666666666
2 0.10416666666666667 0.10520833333333333 0.15416666666666667 0.21041666666666667
2 0.21875 0.18958333333333333 0.21875 0.23333333333333334
2 0.140625 0.3572916666666667 0.275 0.24583333333333332
2 0.06875 0.740625 0.1375 0.28958333333333336
2 0.26458333333333334 0.8854166666666666 0.24166666666666667 0.20625
2 0.5489583333333333 0.9208333333333333 0.24791666666666667 0.15833333333333333
2 0.75 0.85625 0.18125 0.18541666666666667
2 0.85 0.890625 0.24166666666666667 0.21875
2 0.625 0.759375 0.225 0.2375
2 0.8260416666666667 0.6854166666666667 0.3 0.26875
2 0.8583333333333333 0.5208333333333334 0.2833333333333333 0.2625
2 0.6041666666666666 0.4 0.21666666666666667 0.22083333333333333
2 0.7510416666666667 0.31875 0.28541666666666665 0.28958333333333336
2 0.8625 0.17916666666666667 0.275 0.30833333333333335
2 0.65625 0.11770833333333333 0.25416666666666665 0.23125
2 0.375 0.765625 0.1875 0.2604166666666667
2 0.22708333333333333 0.678125 0.25 0.2520833333333333
2 0.3458333333333333 0.14791666666666667 0.2375 0.29583333333333334
2 0.203125 0.5479166666666667 0.15833333333333333 0.16458333333333333
