2 0.271875 0.9333333333333333 0.23958333333333334 0.13333333333333333
2 0.153125 0.871875 0.21666666666666667 0.25625
2 0.125 0.571875 0.25 0.26875
2 0.084375 0.36041666666666666 0.16875 0.24583333333333332
2 0.15520833333333334 0.2916666666666667 0.20416666666666666 0.23125
2 0.140625 0.10833333333333334 0.18333333333333332 0.125
2 0.296875 0.13125 0.2791666666666667 0.24166666666666667
2 0.30833333333333335 0.28229166666666666 0.22083333333333333 0.23125
2 0.625 0.07083333333333333 0.24583333333333332 0.14166666666666666
2 0.496875 0.06041666666666667 0.17708333333333334 0.12083333333333333
2 0.5572916666666666 0.18645833333333334 0.31666666666666665 0.22708333333333333
2 0.865625 0.134375 0.17708333333333334 0.21875
2 0.7604166666666666 0.10833333333333334 0.21666666666666667 0.21666666666666667
2 0.834375 0.303125 0.29375 0.22291666666666668
2 0.8854166666666666 0.46770833333333334 0.22916666666666666 0.27291666666666664
2 0.9385416666666667 0.621875 0.12291666666666666 0.23125
2 0.5395833333333333 0.4625 0.17916666666666667 0.17083333333333334
2 0.271875 0.5020833333333333 0.25416666666666665 0.24583333333333332
2 0.38645833333333335 0.44479166666666664 0.16041666666666668 0.16041666666666668
2 0.46875 0.6083333333333333 0.26458333333333334 0.30416666666666664
2 0.29270833333333335 0.690625 0.25625 0.25833333333333336
2 0.409375 0.8229166666666666 0.2625 0.23125
2 0.803125 0.6625 0.23541666666666666 0.24375
2 0.646875 0.6864583333333333 0.17291666666666666 0.21041666666666667
2 0.8895833333333333 0.8125 0.22083333333333333 0.26666666666666666
2 0.7645833333333333 0.853125 0.2375 0.23333333333333334
2 0.5916666666666667 0.859375 0.225 0.28125
2 0.46458333333333335 0.9114583333333334 0.20833333333333334 0.17708333333333334
2 0.6510416666666666 0.5395833333333333 0.18333333333333332 0.16458333333333333
2 0.7135416666666666 0.43125 0.14375 0.17708333333333334
2 0.6947916666666667 0.34479166666666666 0.15416666666666667 0.16458333333333333
