2 0.33958333333333335 0.8520833333333333 0.22916666666666666 0.23125
2 0.14270833333333333 0.7052083333333333 0.2833333333333333 0.24166666666666667
2 0.09375 0.5239583333333333 0.1875 0.28541666666666665
2 0.32395833333333335 0.6 0.25416666666666665 0.3125
2 0.48333333333333334 0.6354166666666666 0.22291666666666668 0.2833333333333333
2 0.6625 0.8729166666666667 0.3625 0.25416666666666665
2 0.9010416666666666 0.9395833333333333 0.16875 0.12083333333333333
2 0.8125 0.7854166666666667 0.2833333333333333 0.22708333333333333
2 0.5708333333333333 0.703125 0.21875 0.21875
2 0.6697916666666667 0.7114583333333333 0.21458333333333332 0.1625
2 0.8875 0.5989583333333334 0.225 0.22083333333333333
2 0.6510416666666666 0.4979166666666667 0.29583333333333334 0.17291666666666666
2 0.8708333333333333 0.39479166666666665 0.25833333333333336 0.3145833333333333
2 0.1875 0.33958333333333335 0.275 0.2708333333333333
2 0.434375 0.3489583333333333 0.2625 0.21666666666666667
2 0.08229166666666667 0.103125 0.14375 0.20625
2 0.2791666666666667 0.11666666666666667 0.2791666666666667 0.23333333333333334
2 0.37604166666666666 0.2125 0.22708333333333333 0.1875
2 0.5197916666666667 0.10208333333333333 0.26875 0.20416666666666666
2 0.5822916666666667 0.23854166666666668 0.2604166666666667 0.23958333333333334
2 0.796875 0.13020833333333334 0.3375 0.22916666666666666
