2 0.384375 0.16145833333333334 0.24166666666666667 0.24791666666666667
2 0.6895833333333333 0.09166666666666666 0.25416666666666665 0.18333333333333332
2 0.50625 0.059375 0.19166666666666668 0.11875
2 0.8947916666666667 0.08645833333333333 0.19791666666666666 0.17291666666666666
2 0.5083333333333333 0.33645833333333336 0.15625 0.10416666666666667
2 0.853125 0.9083333333333333 0.26875 0.175
2 0.6645833333333333 0.7729166666666667 0.20208333333333334 0.17708333333333334
2 0.90625 0.6739583333333333 0.1875 0.24791666666666667
2 0.7625 0.61875 0.21666666666666667 0.24166666666666667
2 0.740625 0.31145833333333334 0.25625 0.23125
2 0.9104166666666667 0.334375 0.17708333333333334 0.24791666666666667
2 0.578125 0.546875 0.21041666666666667 0.24583333333333332
