2 0.8989583333333333 0.8395833333333333 0.20208333333333334 0.25416666666666665
2 0.7020833333333333 0.746875 0.3145833333333333 0.2604166666666667
2 0.6020833333333333 0.8989583333333333 0.3333333333333333 0.20208333333333334
2 0.34375 0.8510416666666667 0.11458333333333333 0.10833333333333334
2 0.21354166666666666 0.9458333333333333 0.26875 0.10833333333333334
2 0.12291666666666666 0.8875 0.19791666666666666 0.21875
2 0.11666666666666667 0.696875 0.225 0.28541666666666665
2 0.3104166666666667 0.6760416666666667 0.21875 0.18541666666666667
2 0.171875 0.5375 0.2708333333333333 0.21875
2 0.1 0.14895833333333333 0.2 0.24791666666666667
2 0.26666666666666666 0.17395833333333333 0.2791666666666667 0.30833333333333335
2 0.7135416666666666 0.44895833333333335 0.25625 0.22916666666666666
2 0.878125 0.14166666666666666 0.20625 0.2833333333333333
2 0.7635416666666667 0.15833333333333333 0.2520833333333333 0.19375
2 0.7583333333333333 0.05625 0.17916666666666667 0.1125
2 0.6291666666666667 0.29583333333333334 0.29583333333333334 0.25416666666666665
2 0.565625 0.14270833333333333 0.25833333333333336 0.21666666666666667
2 0.4239583333333333 0.11145833333333334 0.25625 0.22291666666666668
