2 0.15833333333333333 0.06875 0.175 0.1375
2 0.10416666666666667 0.23854166666666668 0.1625 0.24791666666666667
2 0.058333333333333334 0.815625 0.11666666666666667 0.21041666666666667
2 0.1875 0.8385416666666666 0.26458333333333334 0.25
2 0.11354166666666667 0.6802083333333333 0.22708333333333333 0.2604166666666667
2 0.2552083333333333 0.6697916666666667 0.2833333333333333 0.3
2 0.09895833333333333 0.459375 0.19791666666666666 0.22291666666666668
2 0.296875 0.43645833333333334 0.4354166666666667 0.3125
2 0.21875 0.27395833333333336 0.24791666666666667 0.26458333333333334
2 0.275 0.09583333333333334 0.25833333333333336 0.19166666666666668
2 0.38958333333333334 0.13020833333333334 0.32916666666666666 0.2604166666666667
2 0.525 0.26875 0.32083333333333336 0.3229166666666667
2 0.41041666666666665 0.815625 0.22291666666666668 0.26458333333333334
2 0.4895833333333333 0.6208333333333333 0.25625 0.325
2 0.8635416666666667 0.159375 0.27291666666666664 0.22708333333333333
2 0.6239583333333333 0.090625 0.21875 0.18125
2 0.675 0.6770833333333334 0.4479166666666667 0.38958333333333334
2 0.6822916666666666 0.44375 0.33125 0.28541666666666665
2 0.7114583333333333 0.28020833333333334 0.29583333333333334 0.2
2 0.8854166666666666 0.31875 0.22916666666666666 0.3125
2 0.890625 0.53125 0.21875 0.325
2 0.54375 0.9125 0.18333333333333332 0.175
2 0.7479166666666667 0.9135416666666667 0.17916666666666667 0.16458333333333333
2 0.8427083333333333 0.7927083333333333 0.19583333333333333 0.23541666666666666
