2 0.9010416666666666 0.26875 0.19791666666666666 0.2833333333333333
2 0.9479166666666666 0.5489583333333333 0.10416666666666667 0.23125
2 0.8947916666666667 0.7572916666666667 0.20208333333333334 0.275
2 0.828125 0.921875 0.18958333333333333 0.15625
2 0.61875 0.9083333333333333 0.275 0.18333333333333332
2 0.6177083333333333 0.7572916666666667 0.24791666666666667 0.21458333333333332
2 0.31875 0.8916666666666667 0.25 0.2125
2 0.07291666666666667 0.8010416666666667 0.14583333333333334 0.23125
2 0.08333333333333333 0.6333333333333333 0.16666666666666666 0.2708333333333333
2 0.46770833333333334 0.684375 0.20416666666666666 0.275
2 0.675 0.5625 0.22708333333333333 0.20416666666666666
2 0.5239583333333333 0.5479166666666667 0.13125 0.16041666666666668
2 0.5833333333333334 0.38229166666666664 0.29791666666666666 0.19375
2 0.603125 0.228125 0.30625 0.225
2 0.9010416666666666 0.06979166666666667 0.19791666666666666 0.11875
2 0.7885416666666667 0.11458333333333333 0.25625 0.2125
2 0.571875 0.078125 0.23958333333333334 0.15625
2 0.20729166666666668 0.051041666666666666 0.21875 0.10208333333333333
2 0.125 0.10729166666666666 0.23333333333333334 0.21458333333333332
2 0.27708333333333335 0.690625 0.24791666666666667 0.24583333333333332
2 0.36666666666666664 0.46041666666666664 0.21875 0.29791666666666666
2 0.3572916666666667 0.15104166666666666 0.20625 0.17708333333333334
2 0.27291666666666664 0.27395833333333336 0.30833333333333335 0.2625
2 0.06041666666666667 0.434375 0.12083333333333333 0.24375
2 0.2 0.41875 0.18333333333333332 0.19583333333333333
