2 0.8104166666666667 0.38125 0.3770833333333333 0.3458333333333333
2 0.45 0.5760416666666667 0.3145833333333333 0.22916666666666666
2 0.11666666666666667 0.4947916666666667 0.23333333333333334 0.29791666666666666
2 0.24375 0.284375 0.32708333333333334 0.30833333333333335
2 0.2635416666666667 0.63125 0.35208333333333336 0.2916666666666667
2 0.5583333333333333 0.7697916666666667 0.37916666666666665 0.3458333333333333
2 0.25416666666666665 0.846875 0.4 0.30625
2 0.10833333333333334 0.296875 0.21666666666666667 0.26458333333333334
2 0.8020833333333334 0.8197916666666667 0.32708333333333334 0.29375
2 0.9291666666666667 0.7333333333333333 0.14166666666666666 0.3375
2 0.8041666666666667 0.053125 0.2 0.10625
2 0.8541666666666666 0.16770833333333332 0.17708333333333334 0.15208333333333332
2 0.7208333333333333 0.6572916666666667 0.25416666666666665 0.19166666666666668
