2 0.11875 0.83125 0.2375 0.2791666666666667
2 0.21770833333333334 0.784375 0.2520833333333333 0.2791666666666667
2 0.11145833333333334 0.61875 0.22291666666666668 0.325
2 0.2125 0.4552083333333333 0.2520833333333333 0.28125
2 0.153125 0.23854166666666668 0.24583333333333332 0.25833333333333336
2 0.2833333333333333 0.12083333333333333 0.2875 0.24166666666666667
2 0.2916666666666667 0.28958333333333336 0.28541666666666665 0.25625
2 0.415625 0.3614583333333333 0.30833333333333335 0.26666666666666666
2 0.35625 0.6208333333333333 0.29791666666666666 0.3229166666666667
2 0.3770833333333333 0.8572916666666667 0.30416666666666664 0.28541666666666665
2 0.5666666666666667 0.8583333333333333 0.2375 0.2833333333333333
2 0.7958333333333333 0.821875 0.3541666666666667 0.31875
2 0.584375 0.65 0.24375 0.27708333333333335
2 0.725 0.6270833333333333 0.15625 0.15
2 0.7677083333333333 0.475 0.30416666666666664 0.31875
2 0.9166666666666666 0.7375 0.15208333333333332 0.26458333333333334
2 0.903125 0.46770833333333334 0.19375 0.26458333333333334
2 0.921875 0.19791666666666666 0.15625 0.2375
2 0.7458333333333333 0.234375 0.2604166666666667 0.26458333333333334
2 0.6166666666666667 0.17395833333333333 0.325 0.30833333333333335
