2 0.734375 0.7572916666666667 0.15416666666666667 0.19583333333333333
2 0.8177083333333334 0.9427083333333334 0.19375 0.11458333333333333
2 0.6322916666666667 0.9645833333333333 0.16875 0.07083333333333333
2 0.971875 0.20833333333333334 0.05625 0.21666666666666667
2 0.9041666666666667 0.128125 0.19166666666666668 0.13125
2 0.3125 0.06770833333333333 0.15833333333333333 0.13541666666666666
2 0.16041666666666668 0.08229166666666667 0.17916666666666667 0.16458333333333333
2 0.9416666666666667 0.55625 0.11666666666666667 0.25833333333333336
2 0.8375 0.24479166666666666 0.275 0.28958333333333336
2 0.9375 0.34791666666666665 0.125 0.20833333333333334
2 0.8333333333333334 0.46041666666666664 0.30625 0.27291666666666664
2 0.6645833333333333 0.090625 0.18125 0.16041666666666668
2 0.6833333333333333 0.19270833333333334 0.2125 0.20833333333333334
2 0.509375 0.10729166666666666 0.24791666666666667 0.21458333333333332
2 0.17708333333333334 0.20729166666666668 0.26666666666666666 0.2
2 0.546875 0.33229166666666665 0.23958333333333334 0.22083333333333333
2 0.36770833333333336 0.21979166666666666 0.3 0.2791666666666667
2 0.6104166666666667 0.6572916666666667 0.23125 0.18541666666666667
2 0.44166666666666665 0.921875 0.24166666666666667 0.15625
2 0.28541666666666665 0.8895833333333333 0.18541666666666667 0.175
2 0.39166666666666666 0.7864583333333334 0.22083333333333333 0.23958333333333334
2 0.5666666666666667 0.490625 0.32708333333333334 0.30416666666666664
2 0.3854166666666667 0.5760416666666667 0.2708333333333333 0.26666666666666666
2 0.225 0.6947916666666667 0.225 0.23541666666666666
2 0.08229166666666667 0.7239583333333334 0.16458333333333333 0.29375
2 0.16666666666666666 0.5802083333333333 0.225 0.20208333333333334
2 0.259375 0.39479166666666665 0.29583333333333334 0.2375
2 0.08854166666666667 0.4666666666666667 0.17708333333333334 0.325
