2 0.21875 0.8989583333333333 0.3125 0.20208333333333334
2 0.79375 0.6614583333333334 0.3104166666666667 0.31666666666666665
2 0.271875 0.5354166666666667 0.41041666666666665 0.36041666666666666
2 0.15208333333333332 0.36354166666666665 0.30416666666666664 0.24375
2 0.08229166666666667 0.22916666666666666 0.16458333333333333 0.3125
2 0.3375 0.790625 0.35208333333333336 0.31666666666666665
2 0.5447916666666667 0.640625 0.24375 0.22291666666666668
2 0.5697916666666667 0.7510416666666667 0.30625 0.2375
2 0.9260416666666667 0.7541666666666667 0.14791666666666667 0.32916666666666666
2 0.440625 0.21354166666666666 0.3 0.3229166666666667
2 0.090625 0.7145833333333333 0.15833333333333333 0.29791666666666666
2 0.20520833333333333 0.221875 0.3104166666666667 0.3333333333333333
2 0.8447916666666667 0.2625 0.22291666666666668 0.26875
2 0.65 0.30104166666666665 0.3625 0.38333333333333336
2 0.8395833333333333 0.85625 0.29583333333333334 0.21458333333333332
2 0.7916666666666666 0.05416666666666667 0.25 0.10833333333333334
