2 0.07083333333333333 0.16875 0.14166666666666666 0.275
2 0.20833333333333334 0.14479166666666668 0.21666666666666667 0.18958333333333333
2 0.4166666666666667 0.11354166666666667 0.2625 0.22708333333333333
2 0.69375 0.1 0.35833333333333334 0.2
2 0.775 0.275 0.2520833333333333 0.2833333333333333
2 0.8510416666666667 0.346875 0.14166666666666666 0.19583333333333333
2 0.946875 0.8302083333333333 0.10625 0.21875
2 0.890625 0.9010416666666666 0.2125 0.15
2 0.80625 0.8145833333333333 0.2125 0.15625
2 0.659375 0.93125 0.2916666666666667 0.1375
2 0.16666666666666666 0.35 0.3333333333333333 0.25833333333333336
2 0.16458333333333333 0.5447916666666667 0.32916666666666666 0.28125
2 0.10520833333333333 0.8260416666666667 0.18541666666666667 0.34791666666666665
2 0.521875 0.35104166666666664 0.3541666666666667 0.37083333333333335
2 0.940625 0.44583333333333336 0.11875 0.19166666666666668
2 0.5447916666666667 0.5572916666666666 0.3541666666666667 0.27708333333333335
2 0.6541666666666667 0.734375 0.18541666666666667 0.15833333333333333
2 0.8177083333333334 0.5791666666666667 0.35 0.36875
2 0.259375 0.7927083333333333 0.3333333333333333 0.35625
2 0.42083333333333334 0.64375 0.28958333333333336 0.24166666666666667
2 0.50625 0.8395833333333333 0.32916666666666666 0.28125
2 0.32708333333333334 0.30625 0.19583333333333333 0.18958333333333333
