2 0.8979166666666667 0.840625 0.20416666666666666 0.20208333333333334
2 0.846875 0.53125 0.30625 0.2875
2 0.778125 0.08958333333333333 0.23125 0.17916666666666667
2 0.6677083333333333 0.10104166666666667 0.32708333333333334 0.20208333333333334
2 0.8052083333333333 0.26979166666666665 0.36666666666666664 0.375
2 0.60625 0.2677083333333333 0.14375 0.13333333333333333
2 0.7125 0.41458333333333336 0.2604166666666667 0.28541666666666665
2 0.5760416666666667 0.4979166666666667 0.25416666666666665 0.2916666666666667
2 0.45729166666666665 0.4114583333333333 0.2520833333333333 0.24375
2 0.9375 0.6770833333333334 0.125 0.26666666666666666
2 0.8104166666666667 0.7395833333333334 0.26666666666666666 0.31875
2 0.678125 0.9010416666666666 0.29583333333333334 0.19583333333333333
2 0.42604166666666665 0.9 0.36875 0.2
2 0.20729166666666668 0.8458333333333333 0.33125 0.30833333333333335
2 0.6822916666666666 0.746875 0.2791666666666667 0.21875
2 0.4583333333333333 0.7010416666666667 0.3958333333333333 0.41458333333333336
2 0.08229166666666667 0.6833333333333333 0.15416666666666667 0.25625
2 0.05416666666666667 0.484375 0.10833333333333334 0.21041666666666667
2 0.32916666666666666 0.1625 0.37916666666666665 0.325
2 0.103125 0.2520833333333333 0.20625 0.2791666666666667
2 0.0375 0.275 0.075 0.2375
2 0.32916666666666666 0.3072916666666667 0.26666666666666666 0.275
2 0.165625 0.396875 0.32708333333333334 0.29583333333333334
2 0.20833333333333334 0.6145833333333334 0.24166666666666667 0.25
