2 0.9010416666666666 0.415625 0.19791666666666666 0.26875
2 0.759375 0.6583333333333333 0.26458333333333334 0.2625
2 0.7864583333333334 0.790625 0.24375 0.19791666666666666
2 0.5375 0.8239583333333333 0.26458333333333334 0.2604166666666667
2 0.17708333333333334 0.8625 0.3541666666666667 0.24166666666666667
2 0.10833333333333334 0.628125 0.21666666666666667 0.27708333333333335
2 0.28020833333333334 0.6677083333333333 0.23125 0.2520833333333333
2 0.44479166666666664 0.5927083333333333 0.2625 0.21875
2 0.6864583333333333 0.4041666666666667 0.2875 0.27291666666666664
2 0.7041666666666667 0.18229166666666666 0.3104166666666667 0.3020833333333333
2 0.5072916666666667 0.28125 0.23125 0.30625
2 0.49375 0.09375 0.32916666666666666 0.1875
2 0.28020833333333334 0.20208333333333334 0.29791666666666666 0.28125
2 0.20833333333333334 0.24583333333333332 0.2708333333333333 0.2791666666666667
2 0.403125 0.453125 0.30833333333333335 0.23125
2 0.090625 0.24479166666666666 0.17916666666666667 0.33125
