2 0.19479166666666667 0.8645833333333334 0.06458333333333334 0.10208333333333333
2 0.12083333333333333 0.9052083333333333 0.13125 0.13541666666666666
2 0.21770833333333334 0.5677083333333334 0.18541666666666667 0.175
2 0.12395833333333334 0.6479166666666667 0.24791666666666667 0.2916666666666667
2 0.09791666666666667 0.38645833333333335 0.12916666666666668 0.13333333333333333
2 0.246875 0.4166666666666667 0.15833333333333333 0.15833333333333333
2 0.17291666666666666 0.140625 0.1625 0.2
2 0.6125 0.13854166666666667 0.2375 0.20625
2 0.3927083333333333 0.06041666666666667 0.12916666666666668 0.11458333333333333
2 0.325 0.290625 0.3104166666666667 0.29791666666666666
2 0.8760416666666667 0.12083333333333333 0.16458333333333333 0.24166666666666667
2 0.8979166666666667 0.3770833333333333 0.20416666666666666 0.24583333333333332
2 0.721875 0.2635416666666667 0.24583333333333332 0.22708333333333333
2 0.58125 0.4 0.1125 0.10833333333333334
2 0.9 0.578125 0.2 0.23958333333333334
2 0.7625 0.478125 0.19791666666666666 0.18125
2 0.6427083333333333 0.6125 0.3770833333333333 0.32708333333333334
2 0.48020833333333335 0.878125 0.3145833333333333 0.24375
2 0.3072916666666667 0.9083333333333333 0.22708333333333333 0.18333333333333332
2 0.71875 0.8822916666666667 0.25416666666666665 0.20833333333333334
2 0.88125 0.784375 0.2375 0.21875
