2 0.10520833333333333 0.49583333333333335 0.21041666666666667 0.3
2 0.2760416666666667 0.7052083333333333 0.30833333333333335 0.30625
2 0.27395833333333336 0.8395833333333333 0.27708333333333335 0.23958333333333334
2 0.525 0.825 0.30833333333333335 0.30625
2 0.8447916666666667 0.7927083333333333 0.3104166666666667 0.30625
2 0.8885416666666667 0.5541666666666667 0.22291666666666668 0.3125
2 0.746875 0.6229166666666667 0.27291666666666664 0.28958333333333336
2 0.571875 0.5802083333333333 0.29791666666666666 0.26458333333333334
2 0.2989583333333333 0.44166666666666665 0.3333333333333333 0.32083333333333336
2 0.23958333333333334 0.22708333333333333 0.36041666666666666 0.3541666666666667
2 0.4510416666666667 0.2864583333333333 0.2833333333333333 0.3416666666666667
2 0.4270833333333333 0.11145833333333334 0.35833333333333334 0.22291666666666668
2 0.659375 0.165625 0.3458333333333333 0.33125
2 0.7375 0.19479166666666667 0.31666666666666665 0.325
2 0.5864583333333333 0.4354166666666667 0.3458333333333333 0.28541666666666665
2 0.8520833333333333 0.175 0.2375 0.35
