2 0.753125 0.9197916666666667 0.33125 0.16041666666666668
2 0.6770833333333334 0.8052083333333333 0.12916666666666668 0.15833333333333333
2 0.8604166666666667 0.7114583333333333 0.24583333333333332 0.27708333333333335
2 0.8552083333333333 0.453125 0.28958333333333336 0.3145833333333333
2 0.7739583333333333 0.2864583333333333 0.3020833333333333 0.19791666666666666
2 0.61875 0.153125 0.24166666666666667 0.24791666666666667
2 0.32708333333333334 0.078125 0.25 0.15625
2 0.55625 0.4322916666666667 0.32708333333333334 0.2875
2 0.60625 0.5895833333333333 0.23541666666666666 0.23125
2 0.4322916666666667 0.7739583333333333 0.24375 0.26875
2 0.14895833333333333 0.8489583333333334 0.1875 0.17708333333333334
2 0.06979166666666667 0.8239583333333333 0.13958333333333334 0.22708333333333333
2 0.32916666666666666 0.3125 0.36875 0.36041666666666666
2 0.36354166666666665 0.653125 0.38333333333333336 0.21666666666666667
