2 0.11041666666666666 0.7864583333333334 0.22083333333333333 0.28125
2 0.115625 0.6572916666666667 0.23125 0.33958333333333335
2 0.2375 0.7895833333333333 0.33958333333333335 0.3541666666666667
2 0.5302083333333333 0.8145833333333333 0.3958333333333333 0.3125
2 0.6354166666666666 0.6552083333333333 0.39375 0.36041666666666666
2 0.5458333333333333 0.48541666666666666 0.36875 0.3645833333333333
2 0.48125 0.196875 0.25625 0.22916666666666666
2 0.7375 0.2635416666666667 0.33541666666666664 0.32708333333333334
2 0.8520833333333333 0.3770833333333333 0.29583333333333334 0.375
2 0.8666666666666667 0.6114583333333333 0.26666666666666666 0.28541666666666665
2 0.7135416666666666 0.8947916666666667 0.39375 0.21041666666666667
2 0.8208333333333333 0.7729166666666667 0.28125 0.24583333333333332
2 0.24166666666666667 0.13645833333333332 0.35833333333333334 0.27291666666666664
2 0.3385416666666667 0.41770833333333335 0.31875 0.33541666666666664
