2 0.6364583333333333 0.6989583333333333 0.24166666666666667 0.22083333333333333
2 0.4322916666666667 0.571875 0.09583333333333334 0.09583333333333334
2 0.5260416666666666 0.44375 0.1125 0.10208333333333333
2 0.684375 0.48854166666666665 0.3229166666666667 0.25
2 0.803125 0.9041666666666667 0.21458333333333332 0.19166666666666668
2 0.4166666666666667 0.9197916666666667 0.2708333333333333 0.16041666666666668
2 0.63125 0.875 0.19166666666666668 0.18958333333333333
2 0.10104166666666667 0.878125 0.20208333333333334 0.16875
2 0.04479166666666667 0.7197916666666667 0.08958333333333333 0.23125
2 0.14375 0.6375 0.2875 0.225
2 0.10625 0.2635416666666667 0.18541666666666667 0.22708333333333333
2 0.290625 0.20104166666666667 0.22916666666666666 0.22708333333333333
2 0.26666666666666666 0.06770833333333333 0.3375 0.13541666666666666
2 0.6427083333333333 0.31145833333333334 0.11041666666666666 0.09166666666666666
2 0.4708333333333333 0.3020833333333333 0.10833333333333334 0.08958333333333333
2 0.371875 0.44895833333333335 0.09375 0.09583333333333334
2 0.7427083333333333 0.209375 0.09375 0.07083333333333333
2 0.8635416666666667 0.07708333333333334 0.11041666666666666 0.08333333333333333
2 0.7052083333333333 0.053125 0.07916666666666666 0.07083333333333333
2 0.50625 0.1625 0.24791666666666667 0.2520833333333333
