2 0.16458333333333333 0.9072916666666667 0.23333333333333334 0.18541666666666667
2 0.8583333333333333 0.8541666666666666 0.2833333333333333 0.225
2 0.7572916666666667 0.8552083333333333 0.21041666666666667 0.24166666666666667
2 0.5770833333333333 0.9 0.30833333333333335 0.2
2 0.4041666666666667 0.909375 0.36666666666666664 0.18125
2 0.25 0.8458333333333333 0.33125 0.28958333333333336
2 0.31145833333333334 0.7 0.225 0.2125
2 0.13541666666666666 0.6510416666666666 0.25833333333333336 0.22083333333333333
2 0.8395833333333333 0.675 0.225 0.21666666666666667
2 0.9395833333333333 0.6479166666666667 0.12083333333333333 0.2125
2 0.0625 0.571875 0.125 0.23958333333333334
2 0.11666666666666667 0.42083333333333334 0.23333333333333334 0.25
2 0.18541666666666667 0.23958333333333334 0.22916666666666666 0.20625
2 0.40729166666666666 0.17395833333333333 0.26458333333333334 0.2833333333333333
2 0.5520833333333334 0.115625 0.32083333333333336 0.23125
2 0.5708333333333333 0.775 0.3145833333333333 0.29375
2 0.8479166666666667 0.44166666666666665 0.28958333333333336 0.29791666666666666
2 0.8802083333333334 0.26875 0.20625 0.22916666666666666
2 0.8229166666666666 0.125 0.275 0.24791666666666667
2 0.6666666666666666 0.27395833333333336 0.27291666666666664 0.275
2 0.6197916666666666 0.4739583333333333 0.3229166666666667 0.3729166666666667
2 0.5041666666666667 0.5833333333333334 0.25 0.23541666666666666
2 0.2875 0.5427083333333333 0.2791666666666667 0.24791666666666667
2 0.3072916666666667 0.38229166666666664 0.21875 0.25833333333333336
