2 0.4666666666666667 0.6822916666666666 0.18125 0.18125
2 0.44375 0.4479166666666667 0.10833333333333334 0.14791666666666667
2 0.45625 0.28125 0.19166666666666668 0.20416666666666666
2 0.50625 0.0875 0.13958333333333334 0.12708333333333333
2 0.28958333333333336 0.11354166666666667 0.1875 0.19375
2 0.071875 0.30104166666666665 0.11666666666666667 0.14583333333333334
2 0.18645833333333334 0.48333333333333334 0.2604166666666667 0.24791666666666667
2 0.2677083333333333 0.659375 0.29791666666666666 0.31666666666666665
2 0.03229166666666667 0.8770833333333333 0.06458333333333334 0.14166666666666666
2 0.05 0.5041666666666667 0.1 0.1625
2 0.10208333333333333 0.15833333333333333 0.14791666666666667 0.19375
2 0.121875 0.036458333333333336 0.14375 0.07291666666666667
