2 0.09895833333333333 0.7895833333333333 0.19791666666666666 0.2916666666666667
2 0.16875 0.121875 0.2375 0.24375
2 0.14479166666666668 0.4739583333333333 0.2791666666666667 0.34375
2 0.2625 0.671875 0.24791666666666667 0.25416666666666665
2 0.28541666666666665 0.8416666666666667 0.26666666666666666 0.28125
2 0.428125 0.8541666666666666 0.23958333333333334 0.2916666666666667
2 0.5458333333333333 0.9020833333333333 0.24583333333333332 0.19583333333333333
2 0.6666666666666666 0.8625 0.225 0.225
2 0.7927083333333333 0.9104166666666667 0.21041666666666667 0.17916666666666667
2 0.4395833333333333 0.65 0.33541666666666664 0.33958333333333335
2 0.37916666666666665 0.103125 0.3541666666666667 0.20625
2 0.37395833333333334 0.22083333333333333 0.35208333333333336 0.3229166666666667
2 0.4270833333333333 0.3875 0.32708333333333334 0.30625
2 0.64375 0.5510416666666667 0.32708333333333334 0.375
2 0.828125 0.6541666666666667 0.20208333333333334 0.23541666666666666
2 0.921875 0.6604166666666667 0.15625 0.3458333333333333
2 0.840625 0.4791666666666667 0.31875 0.39166666666666666
2 0.6458333333333334 0.3177083333333333 0.3145833333333333 0.27708333333333335
2 0.6333333333333333 0.171875 0.3145833333333333 0.2791666666666667
2 0.8052083333333333 0.16666666666666666 0.29375 0.26875
2 0.9145833333333333 0.27291666666666664 0.17083333333333334 0.22916666666666666
