2 0.5208333333333334 0.540625 0.17083333333333334 0.1375
2 0.42083333333333334 0.9375 0.25 0.125
2 0.6645833333333333 0.75 0.38125 0.3145833333333333
2 0.8854166666666666 0.7010416666666667 0.22083333333333333 0.18333333333333332
2 0.8885416666666667 0.840625 0.20625 0.19791666666666666
2 0.7270833333333333 0.5302083333333333 0.2875 0.23333333333333334
2 0.39895833333333336 0.31145833333333334 0.14166666666666666 0.12083333333333333
2 0.18541666666666667 0.753125 0.2375 0.17916666666666667
2 0.23854166666666668 0.3416666666666667 0.22708333333333333 0.25
2 0.7729166666666667 0.13229166666666667 0.12916666666666668 0.10833333333333334
