2 0.19583333333333333 0.31354166666666666 0.22708333333333333 0.2625
2 0.64375 0.43125 0.22916666666666666 0.24583333333333332
2 0.5104166666666666 0.5479166666666667 0.28958333333333336 0.27708333333333335
2 0.28229166666666666 0.6197916666666666 0.25416666666666665 0.23333333333333334
2 0.45 0.13125 0.2625 0.2625
2 0.4666666666666667 0.378125 0.2 0.175
2 0.6458333333333334 0.11354166666666667 0.30416666666666664 0.22708333333333333
2 0.8354166666666667 0.27395833333333336 0.29375 0.29375
2 0.9135416666666667 0.49583333333333335 0.17291666666666666 0.25833333333333336
2 0.803125 0.5760416666666667 0.28541666666666665 0.28125
2 0.9364583333333333 0.7927083333333333 0.12708333333333333 0.2520833333333333
2 0.875 0.7635416666666667 0.25 0.27291666666666664
2 0.6958333333333333 0.790625 0.275 0.275
2 0.4979166666666667 0.8635416666666667 0.25833333333333336 0.27291666666666664
2 0.28125 0.8229166666666666 0.24583333333333332 0.23958333333333334
