2 0.10833333333333334 0.35 0.20833333333333334 0.23958333333333334
2 0.08645833333333333 0.7364583333333333 0.17291666666666666 0.2604166666666667
2 0.06354166666666666 0.5479166666666667 0.12708333333333333 0.23333333333333334
2 0.2635416666666667 0.38125 0.17083333333333334 0.17708333333333334
2 0.23958333333333334 0.18854166666666666 0.32916666666666666 0.3125
2 0.490625 0.11354166666666667 0.32708333333333334 0.22708333333333333
2 0.678125 0.1125 0.19583333333333333 0.19375
2 0.25625 0.8697916666666666 0.2708333333333333 0.21666666666666667
2 0.45208333333333334 0.88125 0.22916666666666666 0.2375
2 0.6208333333333333 0.9197916666666667 0.35 0.16041666666666668
2 0.6916666666666667 0.8041666666666667 0.29375 0.33125
2 0.821875 0.90625 0.20208333333333334 0.1875
2 0.834375 0.721875 0.29375 0.29375
2 0.2125 0.640625 0.3729166666666667 0.3458333333333333
2 0.39166666666666666 0.6604166666666667 0.22916666666666666 0.19375
2 0.34791666666666665 0.5041666666666667 0.2916666666666667 0.2833333333333333
2 0.553125 0.4979166666666667 0.34375 0.3729166666666667
2 0.7072916666666667 0.5614583333333333 0.17708333333333334 0.19375
2 0.5291666666666667 0.2864583333333333 0.3625 0.36041666666666666
2 0.7447916666666666 0.20104166666666667 0.28125 0.3104166666666667
2 0.8729166666666667 0.17916666666666667 0.2125 0.225
2 0.91875 0.27708333333333335 0.1625 0.275
2 0.784375 0.37083333333333335 0.3229166666666667 0.3104166666666667
2 0.8802083333333334 0.5020833333333333 0.23958333333333334 0.275
