2 0.07291666666666667 0.803125 0.14583333333333334 0.23958333333333334
2 0.19270833333333334 0.8645833333333334 0.22291666666666668 0.2125
2 0.325 0.903125 0.21458333333333332 0.17916666666666667
2 0.190625 0.6489583333333333 0.2625 0.3020833333333333
2 0.07083333333333333 0.44166666666666665 0.14166666666666666 0.17083333333333334
2 0.10104166666666667 0.5270833333333333 0.18541666666666667 0.20625
2 0.234375 0.04583333333333333 0.21041666666666667 0.09166666666666666
2 0.18020833333333333 0.25625 0.2520833333333333 0.25833333333333336
2 0.32916666666666666 0.5041666666666667 0.275 0.21041666666666667
2 0.4979166666666667 0.5145833333333333 0.20208333333333334 0.225
2 0.35833333333333334 0.68125 0.19166666666666668 0.2875
2 0.4864583333333333 0.7875 0.20625 0.2833333333333333
2 0.8677083333333333 0.8864583333333333 0.18125 0.22708333333333333
2 0.55625 0.8739583333333333 0.21666666666666667 0.2520833333333333
2 0.6979166666666666 0.9302083333333333 0.20416666666666666 0.13958333333333334
2 0.6864583333333333 0.7322916666666667 0.23333333333333334 0.27291666666666664
2 0.934375 0.34270833333333334 0.13125 0.23125
2 0.31666666666666665 0.11666666666666667 0.26666666666666666 0.23333333333333334
2 0.7583333333333333 0.38229166666666664 0.3229166666666667 0.34791666666666665
2 0.9270833333333334 0.6395833333333333 0.13333333333333333 0.15625
2 0.8833333333333333 0.5604166666666667 0.23333333333333334 0.32083333333333336
2 0.903125 0.7864583333333334 0.1375 0.16875
2 0.5614583333333333 0.3260416666666667 0.21875 0.2708333333333333
2 0.653125 0.14479166666666668 0.3229166666666667 0.28958333333333336
2 0.821875 0.14479166666666668 0.2 0.22083333333333333
2 0.9229166666666667 0.17395833333333333 0.15416666666666667 0.23958333333333334
2 0.475 0.04375 0.23333333333333334 0.0875
2 0.49583333333333335 0.11770833333333333 0.15208333333333332 0.175
2 0.36770833333333336 0.33645833333333336 0.20833333333333334 0.20833333333333334
2 0.6885416666666667 0.5739583333333333 0.20208333333333334 0.21666666666666667
