2 0.9114583333333334 0.396875 0.17708333333333334 0.21041666666666667
2 0.8916666666666667 0.5895833333333333 0.21666666666666667 0.25416666666666665
2 0.9479166666666666 0.7864583333333334 0.10416666666666667 0.23125
2 0.85 0.846875 0.3 0.21458333333333332
2 0.7572916666666667 0.7833333333333333 0.26666666666666666 0.23541666666666666
2 0.7114583333333333 0.5791666666666667 0.28958333333333336 0.3104166666666667
2 0.5770833333333333 0.6052083333333333 0.2625 0.31666666666666665
2 0.44583333333333336 0.509375 0.28958333333333336 0.3229166666666667
2 0.7875 0.3125 0.3375 0.3145833333333333
2 0.5885416666666666 0.26979166666666665 0.3145833333333333 0.32708333333333334
2 0.4270833333333333 0.221875 0.29791666666666666 0.29791666666666666
2 0.2 0.26875 0.27708333333333335 0.31875
2 0.07604166666666666 0.20729166666666668 0.15208333333333332 0.24791666666666667
2 0.07708333333333334 0.4354166666666667 0.15416666666666667 0.3
2 0.22604166666666667 0.5427083333333333 0.24791666666666667 0.26458333333333334
2 0.1 0.7041666666666667 0.18333333333333332 0.2833333333333333
2 0.20729166666666668 0.6729166666666667 0.23333333333333334 0.19375
2 0.5041666666666667 0.7885416666666667 0.31666666666666665 0.26875
2 0.31666666666666665 0.7541666666666667 0.33958333333333335 0.31875
2 0.19375 0.8875 0.25833333333333336 0.225
2 0.35520833333333335 0.9395833333333333 0.19791666666666666 0.12083333333333333
2 0.65 0.9229166666666667 0.22708333333333333 0.15416666666666667
2 0.4947916666666667 0.8947916666666667 0.26875 0.21041666666666667
