2 0.11145833333333334 0.903125 0.14375 0.19375
2 0.953125 0.803125 0.09375 0.19791666666666666
2 0.9416666666666667 0.5989583333333334 0.11666666666666667 0.27291666666666664
2 0.8479166666666667 0.6041666666666666 0.25625 0.24791666666666667
2 0.90625 0.35625 0.18541666666666667 0.25
2 0.8947916666666667 0.43854166666666666 0.14791666666666667 0.12916666666666668
2 0.7239583333333334 0.4583333333333333 0.23541666666666666 0.21041666666666667
2 0.8375 0.13541666666666666 0.20416666666666666 0.2708333333333333
2 0.665625 0.07291666666666667 0.23958333333333334 0.14583333333333334
2 0.7364583333333333 0.246875 0.2125 0.25
2 0.584375 0.20104166666666667 0.2604166666666667 0.28958333333333336
2 0.478125 0.15104166666666666 0.17708333333333334 0.18125
2 0.32708333333333334 0.12083333333333333 0.25833333333333336 0.23125
2 0.09270833333333334 0.27291666666666664 0.18541666666666667 0.325
2 0.21145833333333333 0.24791666666666667 0.25 0.25833333333333336
2 0.3333333333333333 0.24895833333333334 0.18958333333333333 0.21458333333333332
2 0.4666666666666667 0.346875 0.15 0.19166666666666668
2 0.6604166666666667 0.63125 0.2125 0.25416666666666665
2 0.803125 0.821875 0.25625 0.2375
2 0.7375 0.915625 0.25416666666666665 0.14375
2 0.5989583333333334 0.8302083333333333 0.30416666666666664 0.25625
2 0.465625 0.653125 0.22708333333333333 0.27291666666666664
2 0.2708333333333333 0.6489583333333333 0.25625 0.26875
2 0.121875 0.5458333333333333 0.24375 0.25416666666666665
2 0.321875 0.45729166666666665 0.25833333333333336 0.2375
2 0.096875 0.721875 0.16666666666666666 0.21458333333333332
2 0.21770833333333334 0.8375 0.16666666666666666 0.1875
2 0.38229166666666664 0.8864583333333333 0.21458333333333332 0.22708333333333333
