2 0.19166666666666668 0.42604166666666665 0.28541666666666665 0.2604166666666667
2 0.45625 0.78125 0.24791666666666667 0.25625
2 0.43854166666666666 0.6114583333333333 0.21875 0.19583333333333333
2 0.8260416666666667 0.9520833333333333 0.23541666666666666 0.09583333333333334
2 0.8885416666666667 0.9145833333333333 0.13541666666666666 0.17083333333333334
2 0.86875 0.8010416666666667 0.20833333333333334 0.19583333333333333
2 0.6322916666666667 0.7302083333333333 0.17916666666666667 0.22708333333333333
2 0.778125 0.13541666666666666 0.23125 0.20416666666666666
2 0.4947916666666667 0.10833333333333334 0.19375 0.21666666666666667
2 0.27291666666666664 0.06770833333333333 0.22916666666666666 0.13541666666666666
2 0.465625 0.36354166666666665 0.1625 0.3
2 0.5708333333333333 0.48333333333333334 0.22916666666666666 0.2
2 0.7854166666666667 0.503125 0.18541666666666667 0.17916666666666667
2 0.88125 0.3541666666666667 0.2375 0.23333333333333334
2 0.7583333333333333 0.32708333333333334 0.23958333333333334 0.2125
2 0.6125 0.18854166666666666 0.19791666666666666 0.21458333333333332
2 0.9083333333333333 0.68125 0.17083333333333334 0.25
2 0.7666666666666667 0.6479166666666667 0.21666666666666667 0.17916666666666667
