2 0.078125 0.9041666666666667 0.15625 0.15
2 0.13333333333333333 0.290625 0.24166666666666667 0.23541666666666666
2 0.24270833333333333 0.10104166666666667 0.28541666666666665 0.20208333333333334
2 0.31875 0.21354166666666666 0.16875 0.18541666666666667
2 0.27395833333333336 0.4395833333333333 0.2375 0.24166666666666667
2 0.425 0.353125 0.21875 0.26666666666666666
2 0.5197916666666667 0.11666666666666667 0.29375 0.23333333333333334
2 0.9114583333333334 0.17083333333333334 0.17708333333333334 0.21666666666666667
2 0.93125 0.3333333333333333 0.1375 0.20416666666666666
2 0.684375 0.31875 0.25833333333333336 0.25416666666666665
2 0.8302083333333333 0.50625 0.18333333333333332 0.18958333333333333
2 0.6979166666666666 0.9489583333333333 0.19583333333333333 0.10208333333333333
2 0.578125 0.5822916666666667 0.24375 0.225
2 0.4635416666666667 0.7666666666666667 0.18333333333333332 0.18958333333333333
2 0.6552083333333333 0.740625 0.21041666666666667 0.23541666666666666
2 0.8854166666666666 0.7979166666666667 0.20833333333333334 0.22916666666666666
2 0.7083333333333334 0.8645833333333334 0.21875 0.15208333333333332
