2 0.09479166666666666 0.23229166666666667 0.18958333333333333 0.3020833333333333
2 0.18958333333333333 0.884375 0.24583333333333332 0.23125
2 0.146875 0.5447916666666667 0.2916666666666667 0.35208333333333336
2 0.25416666666666665 0.340625 0.25625 0.2604166666666667
2 0.2677083333333333 0.16979166666666667 0.275 0.28958333333333336
2 0.4083333333333333 0.14895833333333333 0.25 0.29791666666666666
2 0.5229166666666667 0.09895833333333333 0.25416666666666665 0.19791666666666666
2 0.6479166666666667 0.12916666666666668 0.23333333333333334 0.23333333333333334
2 0.7697916666666667 0.08229166666666667 0.21875 0.16458333333333333
2 0.43125 0.3541666666666667 0.3458333333333333 0.35
2 0.4010416666666667 0.8958333333333334 0.36041666666666666 0.20833333333333334
2 0.3885416666666667 0.7854166666666667 0.36041666666666666 0.33541666666666664
2 0.43333333333333335 0.615625 0.3375 0.31666666666666665
2 0.640625 0.44166666666666665 0.33958333333333335 0.38333333333333336
2 0.8197916666666667 0.32916666666666666 0.2125 0.24166666666666667
2 0.9135416666666667 0.315625 0.17291666666666666 0.34791666666666665
2 0.8375 0.5010416666666667 0.325 0.40208333333333335
2 0.6552083333333333 0.6739583333333333 0.3229166666666667 0.2875
2 0.65 0.8208333333333333 0.3229166666666667 0.2916666666666667
2 0.8229166666666666 0.8166666666666667 0.3 0.2791666666666667
2 0.9177083333333333 0.7 0.16458333333333333 0.2375
