2 0.24270833333333333 0.25833333333333336 0.17291666666666666 0.17291666666666666
2 0.11041666666666666 0.44895833333333335 0.22083333333333333 0.26875
2 0.3260416666666667 0.5760416666666667 0.32708333333333334 0.3020833333333333
2 0.25729166666666664 0.79375 0.1375 0.16666666666666666
2 0.715625 0.6395833333333333 0.2791666666666667 0.2520833333333333
2 0.6479166666666667 0.8541666666666666 0.3333333333333333 0.2916666666666667
2 0.8885416666666667 0.8020833333333334 0.22291666666666668 0.2791666666666667
2 0.8875 0.6052083333333333 0.225 0.24375
2 0.884375 0.434375 0.23125 0.35208333333333336
2 0.8375 0.21666666666666667 0.26666666666666666 0.2875
2 0.8145833333333333 0.07291666666666667 0.225 0.14583333333333334
2 0.6895833333333333 0.090625 0.2375 0.18125
2 0.51875 0.1 0.30416666666666664 0.2
2 0.375 0.8979166666666667 0.31666666666666665 0.20416666666666666
2 0.18958333333333333 0.8916666666666667 0.2625 0.21666666666666667
