2 0.9291666666666667 0.44375 0.14166666666666666 0.2833333333333333
2 0.9239583333333333 0.22291666666666668 0.11666666666666667 0.1875
2 0.8583333333333333 0.10729166666666666 0.225 0.21458333333333332
2 0.8416666666666667 0.328125 0.18333333333333332 0.18125
2 0.7760416666666666 0.18854166666666666 0.22916666666666666 0.2708333333333333
2 0.59375 0.10104166666666667 0.25833333333333336 0.20208333333333334
2 0.41041666666666665 0.10104166666666667 0.25833333333333336 0.20208333333333334
2 0.9520833333333333 0.684375 0.09583333333333334 0.24375
2 0.9020833333333333 0.8520833333333333 0.19583333333333333 0.23125
2 0.07916666666666666 0.328125 0.15833333333333333 0.21458333333333332
2 0.728125 0.8708333333333333 0.26458333333333334 0.23958333333333334
2 0.09895833333333333 0.68125 0.18958333333333333 0.26875
2 0.8489583333333334 0.475 0.18541666666666667 0.23958333333333334
2 0.74375 0.4239583333333333 0.23958333333333334 0.2708333333333333
2 0.5572916666666666 0.31979166666666664 0.325 0.37083333333333335
2 0.234375 0.2 0.28541666666666665 0.28125
2 0.48020833333333335 0.4166666666666667 0.28541666666666665 0.23125
2 0.32395833333333335 0.359375 0.24375 0.21875
2 0.28958333333333336 0.49583333333333335 0.27708333333333335 0.23541666666666666
2 0.13958333333333334 0.49895833333333334 0.22083333333333333 0.26666666666666666
2 0.8635416666666667 0.6791666666666667 0.19791666666666666 0.25
2 0.5114583333333333 0.9239583333333333 0.25625 0.15208333333333332
2 0.25104166666666666 0.884375 0.28125 0.23125
2 0.7239583333333334 0.6666666666666666 0.24583333333333332 0.29583333333333334
2 0.53125 0.6270833333333333 0.26666666666666666 0.30625
2 0.33541666666666664 0.68125 0.3125 0.27291666666666664
2 0.503125 0.815625 0.21875 0.22083333333333333
