2 0.915625 0.415625 0.16875 0.20625
2 0.8416666666666667 0.240625 0.26458333333333334 0.24375
2 0.8333333333333334 0.06979166666666667 0.2 0.13958333333333334
2 0.6729166666666667 0.06875 0.29583333333333334 0.1375
2 0.6135416666666667 0.134375 0.2604166666666667 0.22708333333333333
2 0.6583333333333333 0.33958333333333335 0.2791666666666667 0.3
2 0.5260416666666666 0.371875 0.2520833333333333 0.30833333333333335
2 0.446875 0.5145833333333333 0.27708333333333335 0.3145833333333333
2 0.8375 0.5489583333333333 0.325 0.3020833333333333
2 0.678125 0.6708333333333333 0.30416666666666664 0.31666666666666665
2 0.5520833333333334 0.7833333333333333 0.28958333333333336 0.2875
2 0.3260416666666667 0.8364583333333333 0.26458333333333334 0.3104166666666667
2 0.190625 0.921875 0.2520833333333333 0.15625
2 0.11666666666666667 0.75 0.20208333333333334 0.29583333333333334
2 0.23333333333333334 0.5770833333333333 0.23958333333333334 0.25625
2 0.06875 0.48125 0.1375 0.2791666666666667
2 0.16145833333333334 0.46770833333333334 0.22916666666666666 0.18541666666666667
2 0.38229166666666664 0.2375 0.3104166666666667 0.25625
2 0.22708333333333333 0.346875 0.32916666666666666 0.30625
2 0.08125 0.234375 0.1625 0.3104166666666667
2 0.17083333333333334 0.13541666666666666 0.19375 0.17083333333333334
2 0.45729166666666665 0.0625 0.22291666666666668 0.125
2 0.31979166666666664 0.125 0.2604166666666667 0.23541666666666666
