2 0.3885416666666667 0.12291666666666666 0.25625 0.24583333333333332
2 0.3416666666666667 0.49895833333333334 0.26875 0.27708333333333335
2 0.25104166666666666 0.778125 0.275 0.3020833333333333
2 0.15625 0.9083333333333333 0.20416666666666666 0.18333333333333332
2 0.12916666666666668 0.5645833333333333 0.24583333333333332 0.26875
2 0.13854166666666667 0.4125 0.21875 0.20208333333333334
2 0.11875 0.23958333333333334 0.22708333333333333 0.23958333333333334
2 0.20729166666666668 0.15416666666666667 0.2625 0.2625
2 0.396875 0.27291666666666664 0.16875 0.16875
2 0.09166666666666666 0.765625 0.13958333333333334 0.18541666666666667
2 0.26979166666666665 0.3145833333333333 0.20208333333333334 0.19791666666666666
