2 0.18958333333333333 0.44166666666666665 0.21041666666666667 0.20833333333333334
2 0.409375 0.31145833333333334 0.2 0.27708333333333335
2 0.4791666666666667 0.10729166666666666 0.21666666666666667 0.1875
2 0.2375 0.13020833333333334 0.1875 0.1625
2 0.08854166666666667 0.4979166666666667 0.14791666666666667 0.15625
2 0.12916666666666668 0.6177083333333333 0.20625 0.17916666666666667
2 0.11458333333333333 0.8635416666666667 0.22916666666666666 0.22708333333333333
2 0.23020833333333332 0.790625 0.22083333333333333 0.22916666666666666
2 0.0625 0.740625 0.125 0.22708333333333333
2 0.07291666666666667 0.25625 0.12916666666666668 0.17708333333333334
