2 0.8958333333333334 0.14791666666666667 0.20833333333333334 0.21666666666666667
2 0.9208333333333333 0.29583333333333334 0.15833333333333333 0.26666666666666666
2 0.775 0.21458333333333332 0.3125 0.3625
2 0.14375 0.134375 0.23333333333333334 0.26875
2 0.58125 0.20729166666666668 0.24583333333333332 0.3145833333333333
2 0.3802083333333333 0.20520833333333333 0.30833333333333335 0.25625
2 0.11666666666666667 0.36666666666666664 0.23333333333333334 0.2708333333333333
2 0.2875 0.421875 0.2625 0.26458333333333334
2 0.17291666666666666 0.5875 0.23541666666666666 0.25
2 0.09479166666666666 0.5520833333333334 0.18958333333333333 0.25833333333333336
2 0.8041666666666667 0.46770833333333334 0.33958333333333335 0.34791666666666665
2 0.4197916666666667 0.54375 0.2875 0.35625
2 0.8354166666666667 0.8322916666666667 0.2791666666666667 0.33541666666666664
2 0.6364583333333333 0.8677083333333333 0.28541666666666665 0.26458333333333334
2 0.5958333333333333 0.6916666666666667 0.275 0.2625
2 0.375 0.7072916666666667 0.27291666666666664 0.28125
2 0.3770833333333333 0.875 0.32083333333333336 0.25
2 0.13229166666666667 0.8020833333333334 0.26458333333333334 0.3333333333333333
2 0.5927083333333333 0.5083333333333333 0.22708333333333333 0.28958333333333336
