2 0.6729166666666667 0.32708333333333334 0.16666666666666666 0.19166666666666668
2 0.8291666666666667 0.32708333333333334 0.3416666666666667 0.2875
2 0.75625 0.14375 0.32916666666666666 0.25625
2 0.5989583333333334 0.11145833333333334 0.22708333333333333 0.22291666666666668
2 0.46770833333333334 0.12083333333333333 0.18541666666666667 0.20625
2 0.16770833333333332 0.11979166666666667 0.23958333333333334 0.23958333333333334
2 0.128125 0.2989583333333333 0.22916666666666666 0.24166666666666667
2 0.084375 0.5104166666666666 0.16875 0.24583333333333332
2 0.35 0.36354166666666665 0.24166666666666667 0.21041666666666667
2 0.76875 0.4864583333333333 0.24583333333333332 0.20416666666666666
2 0.6302083333333334 0.5447916666666667 0.35625 0.2604166666666667
2 0.5072916666666667 0.7041666666666667 0.33541666666666664 0.30833333333333335
2 0.2552083333333333 0.7677083333333333 0.3625 0.3416666666666667
2 0.23541666666666666 0.5322916666666667 0.28541666666666665 0.2708333333333333
2 0.11979166666666667 0.6875 0.225 0.21666666666666667
2 0.05625 0.6791666666666667 0.1125 0.22083333333333333
2 0.0625 0.8833333333333333 0.11666666666666667 0.09166666666666666
2 0.8833333333333333 0.6104166666666667 0.1375 0.1125
