2 0.8364583333333333 0.096875 0.2520833333333333 0.19375
2 0.8958333333333334 0.284375 0.19166666666666668 0.23958333333333334
2 0.921875 0.5364583333333334 0.15625 0.21875
2 0.86875 0.440625 0.2625 0.20625
2 0.8677083333333333 0.8197916666666667 0.26458333333333334 0.29375
2 0.7114583333333333 0.6885416666666667 0.175 0.23125
2 0.6489583333333333 0.8822916666666667 0.275 0.23333333333333334
2 0.41041666666666665 0.9041666666666667 0.23333333333333334 0.19166666666666668
2 0.5135416666666667 0.75625 0.25416666666666665 0.24583333333333332
2 0.6864583333333333 0.521875 0.2125 0.26458333333333334
2 0.4510416666666667 0.5666666666666667 0.23125 0.21041666666666667
2 0.48125 0.16979166666666667 0.16666666666666666 0.18541666666666667
2 0.16770833333333332 0.10729166666666666 0.22291666666666668 0.17083333333333334
2 0.359375 0.09583333333333334 0.24166666666666667 0.18958333333333333
2 0.115625 0.296875 0.23125 0.26875
2 0.7291666666666666 0.3104166666666667 0.24583333333333332 0.28125
2 0.6833333333333333 0.13541666666666666 0.23125 0.23125
2 0.5322916666666667 0.37604166666666666 0.2375 0.28125
2 0.23958333333333334 0.4166666666666667 0.17291666666666666 0.24791666666666667
2 0.13125 0.5885416666666666 0.2625 0.2604166666666667
2 0.103125 0.7614583333333333 0.17708333333333334 0.22291666666666668
2 0.36041666666666666 0.7208333333333333 0.21458333333333332 0.26458333333333334
2 0.22604166666666667 0.8197916666666667 0.23541666666666666 0.2604166666666667
