2 0.8625 0.5229166666666667 0.275 0.37083333333333335
2 0.6614583333333334 0.6708333333333333 0.27708333333333335 0.25833333333333336
2 0.796875 0.746875 0.28125 0.24583333333333332
2 0.8666666666666667 0.865625 0.26666666666666666 0.18958333333333333
2 0.365625 0.4979166666666667 0.27291666666666664 0.28541666666666665
2 0.5552083333333333 0.28125 0.32708333333333334 0.27291666666666664
2 0.24166666666666667 0.12708333333333333 0.3 0.22083333333333333
2 0.103125 0.16666666666666666 0.20625 0.23333333333333334
2 0.3333333333333333 0.25833333333333336 0.33958333333333335 0.325
2 0.16145833333333334 0.4864583333333333 0.3229166666666667 0.3645833333333333
2 0.11041666666666666 0.665625 0.21875 0.29583333333333334
2 0.36354166666666665 0.7322916666666667 0.31666666666666665 0.29791666666666666
2 0.21145833333333333 0.8916666666666667 0.3229166666666667 0.21666666666666667
2 0.7375 0.3385416666666667 0.3770833333333333 0.2791666666666667
2 0.8177083333333334 0.18958333333333333 0.30416666666666664 0.3125
2 0.5416666666666666 0.11458333333333333 0.35833333333333334 0.22916666666666666
2 0.5052083333333334 0.9114583333333334 0.29791666666666666 0.17708333333333334
