2 0.13229166666666667 0.865625 0.25625 0.26666666666666666
2 0.24375 0.8083333333333333 0.2375 0.26875
2 0.11354166666666667 0.653125 0.22708333333333333 0.3145833333333333
2 0.209375 0.48020833333333335 0.2375 0.2708333333333333
2 0.13229166666666667 0.26979166666666665 0.23333333333333334 0.24583333333333332
2 0.25 0.128125 0.275 0.2520833333333333
2 0.27395833333333336 0.30833333333333335 0.27291666666666664 0.24375
2 0.4041666666666667 0.3697916666666667 0.29583333333333334 0.2520833333333333
2 0.36666666666666664 0.6333333333333333 0.2833333333333333 0.3104166666666667
2 0.4083333333333333 0.865625 0.2916666666666667 0.26875
2 0.5989583333333334 0.8572916666666667 0.22291666666666668 0.28541666666666665
2 0.8229166666666666 0.7947916666666667 0.33958333333333335 0.3020833333333333
2 0.596875 0.6416666666666667 0.23125 0.26458333333333334
2 0.7354166666666667 0.60625 0.15 0.14166666666666666
2 0.7645833333333333 0.45208333333333334 0.2875 0.30416666666666664
2 0.9333333333333333 0.7 0.13333333333333333 0.25833333333333336
2 0.9041666666666667 0.4322916666666667 0.19166666666666668 0.25625
2 0.909375 0.16145833333333334 0.17291666666666666 0.22916666666666666
2 0.721875 0.21458333333333332 0.24791666666666667 0.2520833333333333
2 0.5885416666666666 0.16458333333333333 0.3104166666666667 0.29375
