2 0.7875 0.29375 0.20833333333333334 0.21666666666666667
2 0.7104166666666667 0.365625 0.25625 0.21875
2 0.921875 0.30833333333333335 0.15625 0.2375
2 0.8208333333333333 0.6489583333333333 0.13958333333333334 0.15833333333333333
2 0.8489583333333334 0.7145833333333333 0.12708333333333333 0.19375
2 0.6916666666666667 0.590625 0.3729166666666667 0.26875
2 0.6322916666666667 0.48854166666666665 0.31666666666666665 0.35208333333333336
2 0.42083333333333334 0.6270833333333333 0.22708333333333333 0.2833333333333333
2 0.34270833333333334 0.521875 0.225 0.2916666666666667
2 0.17708333333333334 0.4708333333333333 0.28958333333333336 0.20416666666666666
2 0.11458333333333333 0.5697916666666667 0.22916666666666666 0.28125
2 0.7072916666666667 0.846875 0.27291666666666664 0.2
2 0.8020833333333334 0.9114583333333334 0.16666666666666666 0.17708333333333334
2 0.41458333333333336 0.8385416666666666 0.3854166666666667 0.24791666666666667
2 0.2375 0.7927083333333333 0.2604166666666667 0.19583333333333333
2 0.12291666666666666 0.7395833333333334 0.24583333333333332 0.30833333333333335
