2 0.6333333333333333 0.5072916666666667 0.3458333333333333 0.3875
2 0.753125 0.8770833333333333 0.31875 0.24583333333333332
2 0.5302083333333333 0.8625 0.29375 0.275
2 0.19375 0.765625 0.325 0.33541666666666664
2 0.08333333333333333 0.7729166666666667 0.16666666666666666 0.30416666666666664
2 0.203125 0.4395833333333333 0.32708333333333334 0.39166666666666666
2 0.22291666666666668 0.103125 0.32083333333333336 0.20625
2 0.484375 0.13125 0.33958333333333335 0.2625
2 0.42083333333333334 0.3614583333333333 0.32916666666666666 0.3
2 0.4354166666666667 0.5104166666666666 0.32083333333333336 0.32708333333333334
2 0.8552083333333333 0.18645833333333334 0.2833333333333333 0.2375
2 0.3697916666666667 0.8958333333333334 0.25625 0.20833333333333334
2 0.41458333333333336 0.7322916666666667 0.29583333333333334 0.33125
2 0.5677083333333334 0.6885416666666667 0.27291666666666664 0.29583333333333334
2 0.42083333333333334 0.23333333333333334 0.35 0.23125
