2 0.8145833333333333 0.16354166666666667 0.2520833333333333 0.26458333333333334
2 0.48854166666666665 0.134375 0.22291666666666668 0.21666666666666667
2 0.65625 0.07604166666666666 0.15208333333333332 0.15208333333333332
2 0.34791666666666665 0.07708333333333334 0.22083333333333333 0.15416666666666667
2 0.296875 0.22395833333333334 0.25416666666666665 0.19791666666666666
2 0.5260416666666666 0.3770833333333333 0.2708333333333333 0.2791666666666667
2 0.7125 0.334375 0.11875 0.20208333333333334
2 0.8208333333333333 0.38125 0.23333333333333334 0.20208333333333334
2 0.8875 0.490625 0.225 0.21458333333333332
2 0.15 0.803125 0.2875 0.24583333333333332
2 0.3302083333333333 0.803125 0.23958333333333334 0.29375
2 0.4666666666666667 0.721875 0.23541666666666666 0.30833333333333335
2 0.17083333333333334 0.546875 0.28125 0.21041666666666667
2 0.17083333333333334 0.378125 0.3020833333333333 0.22708333333333333
2 0.6447916666666667 0.5739583333333333 0.23541666666666666 0.2520833333333333
2 0.678125 0.8739583333333333 0.26666666666666666 0.24583333333333332
2 0.9260416666666667 0.7947916666666667 0.14791666666666667 0.26875
2 0.8822916666666667 0.6302083333333334 0.23541666666666666 0.18125
