2 0.8489583333333334 0.10416666666666667 0.20625 0.20833333333333334
2 0.6697916666666667 0.109375 0.3020833333333333 0.21875
2 0.7166666666666667 0.23958333333333334 0.32083333333333336 0.25833333333333336
2 0.9322916666666666 0.5458333333333333 0.13541666666666666 0.2916666666666667
2 0.95 0.7427083333333333 0.1 0.24375
2 0.9114583333333334 0.8895833333333333 0.17708333333333334 0.125
2 0.8072916666666666 0.784375 0.27291666666666664 0.2604166666666667
2 0.7104166666666667 0.8927083333333333 0.175 0.18125
2 0.578125 0.9052083333333333 0.27291666666666664 0.18958333333333333
2 0.14791666666666667 0.9333333333333333 0.1875 0.13333333333333333
2 0.28020833333333334 0.9302083333333333 0.15625 0.13958333333333334
2 0.13333333333333333 0.7729166666666667 0.22708333333333333 0.275
2 0.3125 0.8479166666666667 0.2791666666666667 0.22916666666666666
2 0.79375 0.42291666666666666 0.32916666666666666 0.2604166666666667
2 0.8114583333333333 0.6083333333333333 0.15833333333333333 0.16458333333333333
2 0.6458333333333334 0.6104166666666667 0.23541666666666666 0.26666666666666666
2 0.646875 0.771875 0.22083333333333333 0.19166666666666668
2 0.434375 0.49375 0.21875 0.22708333333333333
2 0.334375 0.12708333333333333 0.23541666666666666 0.24166666666666667
2 0.5135416666666667 0.284375 0.24375 0.28541666666666665
2 0.35 0.3020833333333333 0.22708333333333333 0.28541666666666665
2 0.078125 0.17083333333333334 0.15625 0.17083333333333334
2 0.15 0.28854166666666664 0.3 0.28541666666666665
2 0.4197916666666667 0.6875 0.3 0.2916666666666667
2 0.3 0.553125 0.24166666666666667 0.26666666666666666
2 0.17604166666666668 0.49583333333333335 0.20416666666666666 0.25
