2 0.17083333333333334 0.1 0.3 0.2
2 0.146875 0.2125 0.27291666666666664 0.3
2 0.346875 0.14791666666666667 0.29375 0.29583333333333334
2 0.63125 0.2125 0.3625 0.25416666666666665
2 0.678125 0.39791666666666664 0.35 0.30625
2 0.5385416666666667 0.5291666666666667 0.3229166666666667 0.31666666666666665
2 0.38333333333333336 0.78125 0.22916666666666666 0.19375
2 0.646875 0.8010416666666667 0.29375 0.2833333333333333
2 0.803125 0.7333333333333333 0.2625 0.33958333333333335
2 0.8854166666666666 0.5145833333333333 0.22916666666666666 0.25
2 0.83125 0.15833333333333333 0.3375 0.23333333333333334
2 0.8833333333333333 0.3458333333333333 0.23333333333333334 0.20416666666666666
2 0.13958333333333334 0.8020833333333334 0.2791666666666667 0.31666666666666665
2 0.32083333333333336 0.525 0.275 0.29583333333333334
