2 0.2947916666666667 0.35833333333333334 0.28541666666666665 0.28125
2 0.09583333333333334 0.7885416666666667 0.19166666666666668 0.28125
2 0.31354166666666666 0.8552083333333333 0.29583333333333334 0.2833333333333333
2 0.17395833333333333 0.7125 0.20416666666666666 0.1375
2 0.121875 0.10520833333333333 0.19375 0.21041666666666667
2 0.365625 0.071875 0.24375 0.14375
2 0.6322916666666667 0.14270833333333333 0.29375 0.28541666666666665
2 0.8479166666666667 0.371875 0.30416666666666664 0.3229166666666667
2 0.490625 0.43020833333333336 0.24583333333333332 0.22083333333333333
2 0.49895833333333334 0.3145833333333333 0.15208333333333332 0.15416666666666667
2 0.59375 0.7208333333333333 0.18958333333333333 0.175
2 0.8395833333333333 0.8572916666666667 0.25833333333333336 0.28541666666666665
2 0.696875 0.9052083333333333 0.20208333333333334 0.18958333333333333
2 0.73125 0.7104166666666667 0.24791666666666667 0.2520833333333333
2 0.7145833333333333 0.51875 0.3125 0.2708333333333333
2 0.09166666666666666 0.41770833333333335 0.18333333333333332 0.20208333333333334
2 0.065625 0.5697916666666667 0.13125 0.14791666666666667
2 0.15520833333333334 0.5072916666666667 0.15833333333333333 0.16041666666666668
2 0.9197916666666667 0.21979166666666666 0.16041666666666668 0.23125
2 0.7385416666666667 0.2520833333333333 0.16458333333333333 0.15
