2 0.19479166666666667 0.584375 0.2916666666666667 0.26666666666666666
2 0.446875 0.21979166666666666 0.25625 0.2625
2 0.434375 0.390625 0.22291666666666668 0.20208333333333334
2 0.8083333333333333 0.04375 0.2375 0.0875
2 0.8739583333333333 0.078125 0.13958333333333334 0.15625
2 0.8583333333333333 0.18541666666666667 0.2125 0.20208333333333334
2 0.6239583333333333 0.265625 0.18541666666666667 0.23125
2 0.790625 0.8552083333333333 0.2375 0.21041666666666667
2 0.5083333333333333 0.8895833333333333 0.2 0.22083333333333333
2 0.28958333333333336 0.934375 0.23333333333333334 0.13125
2 0.4708333333333333 0.6375 0.17083333333333334 0.30416666666666664
2 0.5708333333333333 0.5145833333333333 0.23333333333333334 0.20625
2 0.7854166666666667 0.4864583333333333 0.18958333333333333 0.18541666666666667
2 0.8822916666666667 0.6302083333333334 0.23541666666666666 0.23958333333333334
2 0.7645833333333333 0.6645833333333333 0.24375 0.21875
2 0.6229166666666667 0.8072916666666666 0.20416666666666666 0.21875
2 0.9020833333333333 0.30416666666666664 0.17708333333333334 0.2520833333333333
2 0.7614583333333333 0.34270833333333334 0.22083333333333333 0.18541666666666667
