2 0.584375 0.11770833333333333 0.2520833333333333 0.23541666666666666
2 0.503125 0.32395833333333335 0.2520833333333333 0.23958333333333334
2 0.37916666666666665 0.43333333333333335 0.225 0.2833333333333333
2 0.225 0.5041666666666667 0.26666666666666666 0.2625
2 0.140625 0.628125 0.28125 0.3020833333333333
2 0.0625 0.403125 0.125 0.21041666666666667
2 0.084375 0.19166666666666668 0.16875 0.2916666666666667
2 0.19791666666666666 0.13229166666666667 0.32083333333333336 0.22708333333333333
2 0.16979166666666667 0.2875 0.26666666666666666 0.23333333333333334
2 0.3854166666666667 0.17916666666666667 0.29375 0.2520833333333333
2 0.384375 0.946875 0.21875 0.10625
2 0.42604166666666665 0.828125 0.19583333333333333 0.2875
2 0.5760416666666667 0.7625 0.24375 0.2708333333333333
2 0.58125 0.6052083333333333 0.21041666666666667 0.2
2 0.653125 0.4875 0.14166666666666666 0.14583333333333334
2 0.7697916666666667 0.30625 0.275 0.22916666666666666
2 0.8447916666666667 0.534375 0.29791666666666666 0.225
2 0.8552083333333333 0.8020833333333334 0.28541666666666665 0.27291666666666664
2 0.725 0.91875 0.24166666666666667 0.13958333333333334
2 0.9572916666666667 0.7229166666666667 0.08541666666666667 0.18333333333333332
2 0.9666666666666667 0.840625 0.06666666666666667 0.19791666666666666
