2 0.096875 0.14166666666666666 0.19166666666666668 0.2791666666666667
2 0.27395833333333336 0.18645833333333334 0.24791666666666667 0.2875
2 0.34270833333333334 0.08645833333333333 0.2916666666666667 0.17291666666666666
2 0.628125 0.1125 0.29375 0.225
2 0.86875 0.07916666666666666 0.2625 0.15833333333333333
2 0.4875 0.21666666666666667 0.20208333333333334 0.20416666666666666
2 0.871875 0.22916666666666666 0.25625 0.22916666666666666
2 0.39791666666666664 0.38229166666666664 0.30833333333333335 0.26458333333333334
2 0.6197916666666666 0.371875 0.2916666666666667 0.24166666666666667
2 0.8729166666666667 0.39375 0.25416666666666665 0.23958333333333334
2 0.8916666666666667 0.5010416666666667 0.21666666666666667 0.22708333333333333
2 0.08854166666666667 0.3885416666666667 0.17708333333333334 0.22291666666666668
2 0.14166666666666666 0.5572916666666666 0.2833333333333333 0.3854166666666667
2 0.09270833333333334 0.7864583333333334 0.18541666666666667 0.20625
2 0.17395833333333333 0.8854166666666666 0.20416666666666666 0.2
2 0.28125 0.6635416666666667 0.2 0.21666666666666667
2 0.45416666666666666 0.7114583333333333 0.20208333333333334 0.2916666666666667
2 0.5333333333333333 0.55 0.23333333333333334 0.22291666666666668
2 0.328125 0.7729166666666667 0.26458333333333334 0.3
2 0.6791666666666667 0.5708333333333333 0.24166666666666667 0.25416666666666665
2 0.8447916666666667 0.6427083333333333 0.3104166666666667 0.24166666666666667
2 0.5958333333333333 0.7416666666666667 0.25416666666666665 0.23125
2 0.6958333333333333 0.7895833333333333 0.26875 0.24791666666666667
2 0.8395833333333333 0.853125 0.25833333333333336 0.19375
2 0.3 0.45208333333333334 0.16666666666666666 0.19375
