2 0.11354166666666667 0.8947916666666667 0.22708333333333333 0.20208333333333334
2 0.27395833333333336 0.890625 0.25625 0.21666666666666667
2 0.159375 0.709375 0.31875 0.3020833333333333
2 0.33541666666666664 0.6375 0.3770833333333333 0.325
2 0.6145833333333334 0.9114583333333334 0.19583333333333333 0.17708333333333334
2 0.7708333333333334 0.7854166666666667 0.3020833333333333 0.24166666666666667
2 0.8552083333333333 0.565625 0.26875 0.2833333333333333
2 0.921875 0.8854166666666666 0.14791666666666667 0.21666666666666667
2 0.5916666666666667 0.734375 0.12083333333333333 0.15833333333333333
2 0.6541666666666667 0.5760416666666667 0.35208333333333336 0.32083333333333336
2 0.334375 0.4895833333333333 0.3416666666666667 0.25416666666666665
2 0.09166666666666666 0.36875 0.18333333333333332 0.26666666666666666
2 0.13125 0.14270833333333333 0.25416666666666665 0.23125
2 0.29583333333333334 0.1625 0.25 0.3104166666666667
2 0.5135416666666667 0.14583333333333334 0.30625 0.2916666666666667
2 0.4197916666666667 0.35208333333333336 0.28541666666666665 0.28125
2 0.7552083333333334 0.14583333333333334 0.2604166666666667 0.22708333333333333
2 0.6666666666666666 0.28020833333333334 0.22916666666666666 0.3229166666666667
2 0.8833333333333333 0.23958333333333334 0.23333333333333334 0.24166666666666667
2 0.878125 0.08020833333333334 0.24375 0.15208333333333332
