2 0.9135416666666667 0.7791666666666667 0.17291666666666666 0.2791666666666667
2 0.734375 0.715625 0.3416666666666667 0.29583333333333334
2 0.65625 0.8791666666666667 0.35 0.24166666666666667
2 0.39375 0.8697916666666666 0.125 0.12083333333333333
2 0.28125 0.9552083333333333 0.2791666666666667 0.08958333333333333
2 0.18020833333333333 0.9083333333333333 0.22291666666666668 0.18333333333333332
2 0.14791666666666667 0.7489583333333333 0.25833333333333336 0.30625
2 0.3375 0.7010416666666667 0.23541666666666666 0.21041666666666667
2 0.18020833333333333 0.5822916666666667 0.2916666666666667 0.25
2 0.084375 0.21145833333333333 0.16875 0.27291666666666664
2 0.22291666666666668 0.209375 0.3125 0.3375
2 0.7041666666666667 0.4197916666666667 0.28125 0.25625
2 0.821875 0.121875 0.24375 0.24375
2 0.7135416666666666 0.125 0.2708333333333333 0.22291666666666668
2 0.69375 0.04479166666666667 0.19166666666666668 0.08958333333333333
2 0.5989583333333334 0.28020833333333334 0.32083333333333336 0.2875
2 0.5145833333333333 0.13645833333333332 0.28125 0.24583333333333332
2 0.36875 0.12604166666666666 0.2791666666666667 0.2520833333333333
