2 0.64375 0.15625 0.2791666666666667 0.3125
2 0.43854166666666666 0.07708333333333334 0.21458333333333332 0.15416666666666667
2 0.26458333333333334 0.14583333333333334 0.3020833333333333 0.25833333333333336
2 0.940625 0.8 0.11875 0.22916666666666666
2 0.7239583333333334 0.846875 0.26666666666666666 0.26666666666666666
2 0.49583333333333335 0.8802083333333334 0.3 0.23958333333333334
2 0.32395833333333335 0.9427083333333334 0.15208333333333332 0.11458333333333333
2 0.23020833333333332 0.8822916666666667 0.10416666666666667 0.11666666666666667
2 0.153125 0.8166666666666667 0.23541666666666666 0.29375
2 0.8854166666666666 0.3416666666666667 0.22916666666666666 0.3
2 0.915625 0.5322916666666667 0.16875 0.19375
2 0.7927083333333333 0.653125 0.33541666666666664 0.2916666666666667
2 0.7354166666666667 0.45729166666666665 0.34791666666666665 0.37083333333333335
2 0.509375 0.6458333333333334 0.44166666666666665 0.37916666666666665
2 0.21770833333333334 0.6604166666666667 0.32708333333333334 0.3
2 0.2520833333333333 0.49375 0.3020833333333333 0.3104166666666667
2 0.4625 0.31666666666666665 0.2875 0.29583333333333334
2 0.2760416666666667 0.2760416666666667 0.3020833333333333 0.2604166666666667
