2 0.19166666666666668 0.146875 0.3020833333333333 0.2916666666666667
2 0.084375 0.3645833333333333 0.16875 0.2791666666666667
2 0.078125 0.6635416666666667 0.15625 0.33541666666666664
2 0.078125 0.51875 0.15625 0.17083333333333334
2 0.196875 0.4666666666666667 0.24375 0.2604166666666667
2 0.18645833333333334 0.7458333333333333 0.25833333333333336 0.20833333333333334
2 0.28958333333333336 0.8552083333333333 0.29375 0.26666666666666666
2 0.28958333333333336 0.634375 0.23958333333333334 0.18958333333333333
2 0.278125 0.051041666666666666 0.21458333333333332 0.10208333333333333
2 0.42916666666666664 0.10416666666666667 0.2708333333333333 0.20833333333333334
2 0.5916666666666667 0.096875 0.25833333333333336 0.19375
2 0.9302083333333333 0.21770833333333334 0.13958333333333334 0.29375
2 0.4510416666666667 0.8291666666666667 0.35 0.3125
2 0.50625 0.928125 0.25833333333333336 0.14375
2 0.7979166666666667 0.9447916666666667 0.25416666666666665 0.11041666666666666
2 0.590625 0.7354166666666667 0.20625 0.21666666666666667
2 0.6927083333333334 0.8416666666666667 0.23125 0.2708333333333333
2 0.8572916666666667 0.7979166666666667 0.22708333333333333 0.2708333333333333
2 0.5802083333333333 0.615625 0.29791666666666666 0.3020833333333333
2 0.6791666666666667 0.41875 0.22291666666666668 0.22916666666666666
2 0.7708333333333334 0.5739583333333333 0.2625 0.36875
2 0.921875 0.5760416666666667 0.15625 0.28958333333333336
2 0.93125 0.40729166666666666 0.1375 0.16041666666666668
2 0.6729166666666667 0.16875 0.18541666666666667 0.23333333333333334
2 0.8302083333333333 0.2520833333333333 0.33958333333333335 0.32916666666666666
2 0.334375 0.3177083333333333 0.275 0.33125
2 0.546875 0.353125 0.35 0.38125
2 0.28125 0.4197916666666667 0.23125 0.25625
