2 0.628125 0.9104166666666667 0.11458333333333333 0.13541666666666666
2 0.4239583333333333 0.909375 0.27708333333333335 0.18125
2 0.625 0.8270833333333333 0.18541666666666667 0.15833333333333333
2 0.16458333333333333 0.884375 0.2791666666666667 0.19166666666666668
2 0.071875 0.6145833333333334 0.14375 0.2625
2 0.2708333333333333 0.740625 0.25625 0.225
2 0.4739583333333333 0.7635416666666667 0.24583333333333332 0.20208333333333334
2 0.7541666666666667 0.7177083333333333 0.15625 0.17708333333333334
2 0.8875 0.7104166666666667 0.2 0.17291666666666666
2 0.8958333333333334 0.565625 0.20833333333333334 0.2520833333333333
2 0.9364583333333333 0.359375 0.12708333333333333 0.2604166666666667
2 0.86875 0.13333333333333333 0.23125 0.21458333333333332
2 0.6927083333333334 0.21041666666666667 0.20833333333333334 0.22708333333333333
2 0.8208333333333333 0.34270833333333334 0.19583333333333333 0.2604166666666667
2 0.49270833333333336 0.09270833333333334 0.26458333333333334 0.18541666666666667
2 0.4197916666666667 0.16666666666666666 0.25833333333333336 0.19375
2 0.24270833333333333 0.10520833333333333 0.2 0.1625
2 0.203125 0.2375 0.21666666666666667 0.23958333333333334
2 0.071875 0.23854166666666668 0.12083333333333333 0.275
2 0.19270833333333334 0.39375 0.2375 0.225
2 0.22395833333333334 0.6125 0.27291666666666664 0.26458333333333334
2 0.4427083333333333 0.35833333333333334 0.25 0.19791666666666666
2 0.5979166666666667 0.3145833333333333 0.20208333333333334 0.21666666666666667
2 0.4239583333333333 0.46875 0.22916666666666666 0.24375
2 0.434375 0.659375 0.24583333333333332 0.19166666666666668
2 0.6104166666666667 0.665625 0.22708333333333333 0.22291666666666668
2 0.7677083333333333 0.5166666666666667 0.21041666666666667 0.23541666666666666
2 0.5666666666666667 0.471875 0.22083333333333333 0.19583333333333333
