2 0.8625 0.7083333333333334 0.26666666666666666 0.19166666666666668
2 0.8697916666666666 0.58125 0.2604166666666667 0.2125
2 0.8729166666666667 0.41354166666666664 0.25416666666666665 0.23125
2 0.8666666666666667 0.18020833333333333 0.26666666666666666 0.23958333333333334
2 0.43854166666666666 0.37395833333333334 0.2375 0.24583333333333332
2 0.30625 0.07395833333333333 0.29583333333333334 0.14791666666666667
2 0.103125 0.203125 0.19375 0.23958333333333334
2 0.28125 0.253125 0.2125 0.23333333333333334
2 0.290625 0.6291666666666667 0.20416666666666666 0.22708333333333333
2 0.4583333333333333 0.515625 0.16666666666666666 0.15416666666666667
2 0.6333333333333333 0.5177083333333333 0.13125 0.21041666666666667
2 0.571875 0.6927083333333334 0.23333333333333334 0.2375
2 0.440625 0.8791666666666667 0.24791666666666667 0.24166666666666667
2 0.7072916666666667 0.86875 0.2916666666666667 0.23125
