2 0.13125 0.8125 0.2625 0.275
2 0.321875 0.90625 0.22708333333333333 0.17083333333333334
2 0.490625 0.9302083333333333 0.22291666666666668 0.13958333333333334
2 0.784375 0.9114583333333334 0.25625 0.17708333333333334
2 0.103125 0.603125 0.20625 0.28958333333333336
2 0.20520833333333333 0.54375 0.2833333333333333 0.26875
2 0.39166666666666666 0.6614583333333334 0.31666666666666665 0.29791666666666666
2 0.5885416666666666 0.8177083333333334 0.275 0.30416666666666664
2 0.753125 0.6020833333333333 0.2708333333333333 0.2875
2 0.58125 0.5166666666666667 0.28958333333333336 0.28125
2 0.40625 0.4270833333333333 0.20833333333333334 0.21666666666666667
2 0.26875 0.39791666666666664 0.25416666666666665 0.2604166666666667
2 0.184375 0.25729166666666664 0.28125 0.275
2 0.3614583333333333 0.134375 0.26458333333333334 0.26875
2 0.46770833333333334 0.328125 0.3104166666666667 0.2875
2 0.796875 0.3854166666666667 0.28125 0.26458333333333334
2 0.921875 0.4239583333333333 0.15625 0.3145833333333333
2 0.9604166666666667 0.196875 0.07916666666666666 0.21875
2 0.5854166666666667 0.11354166666666667 0.25833333333333336 0.22708333333333333
2 0.6197916666666666 0.246875 0.25625 0.23541666666666666
2 0.8145833333333333 0.22083333333333333 0.2625 0.225
