2 0.8447916666666667 0.13020833333333334 0.25 0.21458333333333332
2 0.9083333333333333 0.30520833333333336 0.18333333333333332 0.23958333333333334
2 0.7770833333333333 0.4114583333333333 0.2375 0.22916666666666666
2 0.728125 0.2625 0.19583333333333333 0.19583333333333333
2 0.553125 0.36770833333333336 0.20833333333333334 0.19166666666666668
2 0.4583333333333333 0.052083333333333336 0.24583333333333332 0.10416666666666667
2 0.41770833333333335 0.17708333333333334 0.22916666666666666 0.22708333333333333
2 0.603125 0.19166666666666668 0.21666666666666667 0.22708333333333333
2 0.375 0.3072916666666667 0.16458333333333333 0.20416666666666666
2 0.11666666666666667 0.12604166666666666 0.17291666666666666 0.175
2 0.11875 0.04583333333333333 0.15416666666666667 0.09166666666666666
2 0.2375 0.159375 0.16458333333333333 0.20833333333333334
2 0.08645833333333333 0.39375 0.17291666666666666 0.25
2 0.20104166666666667 0.3572916666666667 0.18333333333333332 0.25625
2 0.3104166666666667 0.46770833333333334 0.21875 0.23125
2 0.459375 0.49270833333333336 0.15625 0.15625
2 0.06354166666666666 0.65 0.12708333333333333 0.25833333333333336
2 0.078125 0.86875 0.15625 0.19166666666666668
2 0.190625 0.815625 0.22708333333333333 0.2833333333333333
2 0.178125 0.6145833333333334 0.18333333333333332 0.28541666666666665
2 0.31145833333333334 0.6854166666666667 0.16041666666666668 0.225
2 0.53125 0.6020833333333333 0.19791666666666666 0.28541666666666665
2 0.69375 0.64375 0.23541666666666666 0.22708333333333333
2 0.8979166666666667 0.7427083333333333 0.18541666666666667 0.28125
2 0.421875 0.8166666666666667 0.20416666666666666 0.20833333333333334
2 0.5927083333333333 0.8572916666666667 0.23125 0.21875
2 0.7729166666666667 0.9041666666666667 0.22083333333333333 0.19166666666666668
