2 0.19375 0.21458333333333332 0.29791666666666666 0.24375
2 0.15729166666666666 0.3375 0.29791666666666666 0.2604166666666667
2 0.13229166666666667 0.4979166666666667 0.26458333333333334 0.2791666666666667
2 0.11145833333333334 0.7260416666666667 0.22291666666666668 0.29375
2 0.53125 0.6364583333333333 0.2833333333333333 0.28958333333333336
2 0.590625 0.9270833333333334 0.31875 0.14583333333333334
2 0.81875 0.8697916666666666 0.24166666666666667 0.2604166666666667
2 0.6572916666666667 0.790625 0.25625 0.2708333333333333
2 0.7322916666666667 0.421875 0.24791666666666667 0.2625
2 0.5447916666666667 0.49375 0.19583333333333333 0.18541666666666667
2 0.37395833333333334 0.453125 0.17291666666666666 0.23125
2 0.47291666666666665 0.296875 0.27708333333333335 0.2791666666666667
2 0.6395833333333333 0.14166666666666666 0.2916666666666667 0.2833333333333333
2 0.3802083333333333 0.11875 0.33125 0.2375
