2 0.08541666666666667 0.7739583333333333 0.14166666666666666 0.1375
2 0.09166666666666666 0.8885416666666667 0.14583333333333334 0.22291666666666668
2 0.20833333333333334 0.8 0.2125 0.22708333333333333
2 0.13541666666666666 0.6302083333333334 0.26875 0.2375
2 0.07083333333333333 0.24270833333333333 0.14166666666666666 0.28541666666666665
2 0.27708333333333335 0.10625 0.23541666666666666 0.19791666666666666
2 0.5635416666666667 0.078125 0.24375 0.15625
2 0.7625 0.153125 0.17708333333333334 0.18125
2 0.8645833333333334 0.11354166666666667 0.23333333333333334 0.22708333333333333
2 0.6333333333333333 0.24583333333333332 0.21875 0.23125
2 0.8322916666666667 0.3260416666666667 0.2916666666666667 0.25833333333333336
2 0.8614583333333333 0.49166666666666664 0.27708333333333335 0.25416666666666665
2 0.6010416666666667 0.603125 0.21041666666666667 0.21458333333333332
2 0.74375 0.690625 0.27708333333333335 0.28125
2 0.8583333333333333 0.8322916666666667 0.2791666666666667 0.3
2 0.6427083333333333 0.8875 0.24791666666666667 0.22291666666666668
2 0.384375 0.22916666666666666 0.18125 0.25625
2 0.23333333333333334 0.3125 0.24166666666666667 0.24583333333333332
2 0.334375 0.85 0.22708333333333333 0.3
2 0.20520833333333333 0.44166666666666665 0.15416666666666667 0.16041666666666668
