2 0.36041666666666666 0.828125 0.20833333333333334 0.21458333333333332
2 0.5927083333333333 0.8458333333333333 0.19166666666666668 0.23333333333333334
2 0.4552083333333333 0.665625 0.24791666666666667 0.23125
2 0.12916666666666668 0.196875 0.18333333333333332 0.18125
2 0.2864583333333333 0.1 0.28958333333333336 0.2
2 0.55625 0.08333333333333333 0.2833333333333333 0.16666666666666666
2 0.42916666666666664 0.13229166666666667 0.24791666666666667 0.2625
2 0.825 0.146875 0.23125 0.21875
2 0.9197916666666667 0.2375 0.16041666666666668 0.24583333333333332
2 0.8739583333333333 0.4 0.2520833333333333 0.26666666666666666
2 0.6958333333333333 0.459375 0.23541666666666666 0.24583333333333332
2 0.8572916666666667 0.596875 0.25416666666666665 0.24375
2 0.6666666666666666 0.6552083333333333 0.17916666666666667 0.20416666666666666
2 0.7666666666666667 0.8395833333333333 0.3416666666666667 0.32083333333333336
