2 0.8677083333333333 0.8854166666666666 0.23541666666666666 0.22916666666666666
2 0.665625 0.771875 0.30833333333333335 0.25
2 0.5447916666666667 0.90625 0.32708333333333334 0.1875
2 0.29583333333333334 0.8260416666666667 0.11041666666666666 0.10625
2 0.15208333333333332 0.9208333333333333 0.26458333333333334 0.13541666666666666
2 0.084375 0.83125 0.16875 0.2125
2 0.1 0.6416666666666667 0.2 0.2791666666666667
2 0.28854166666666664 0.6479166666666667 0.2125 0.17916666666666667
2 0.16979166666666667 0.490625 0.26458333333333334 0.21041666666666667
2 0.13229166666666667 0.10729166666666666 0.23541666666666666 0.21458333333333332
2 0.3125 0.146875 0.2708333333333333 0.29375
2 0.71875 0.4791666666666667 0.25 0.22083333333333333
2 0.9145833333333333 0.178125 0.17083333333333334 0.31875
2 0.809375 0.19791666666666666 0.24791666666666667 0.18541666666666667
2 0.8208333333333333 0.08125 0.175 0.1375
2 0.65625 0.31666666666666665 0.2875 0.24375
2 0.6145833333333334 0.15520833333333334 0.2520833333333333 0.20833333333333334
2 0.4791666666666667 0.10625 0.25 0.2125
