2 0.06145833333333333 0.23229166666666667 0.12291666666666666 0.28958333333333336
2 0.1875 0.17916666666666667 0.3145833333333333 0.28125
2 0.20208333333333334 0.33958333333333335 0.33125 0.27708333333333335
2 0.10104166666666667 0.7104166666666667 0.1875 0.29583333333333334
2 0.14479166666666668 0.890625 0.17291666666666666 0.21875
2 0.25833333333333336 0.975 0.19166666666666668 0.05
2 0.321875 0.8708333333333333 0.28541666666666665 0.25833333333333336
2 0.45208333333333334 0.9239583333333333 0.18333333333333332 0.15208333333333332
2 0.5802083333333333 0.9010416666666666 0.28125 0.19791666666666666
2 0.95 0.8041666666666667 0.1 0.2125
2 0.8729166666666667 0.840625 0.16666666666666666 0.19375
2 0.9104166666666667 0.615625 0.17916666666666667 0.28541666666666665
2 0.8041666666666667 0.7520833333333333 0.2875 0.24375
2 0.19895833333333332 0.5385416666666667 0.33958333333333335 0.27708333333333335
2 0.2520833333333333 0.7166666666666667 0.16666666666666666 0.17083333333333334
2 0.40625 0.6572916666666667 0.25 0.27708333333333335
2 0.465625 0.80625 0.22916666666666666 0.20208333333333334
2 0.5583333333333333 0.46979166666666666 0.22916666666666666 0.2375
2 0.5125 0.109375 0.24583333333333332 0.21875
2 0.40729166666666666 0.30520833333333336 0.25833333333333336 0.29583333333333334
2 0.5645833333333333 0.259375 0.24166666666666667 0.29375
2 0.7979166666666667 0.058333333333333334 0.23333333333333334 0.11666666666666667
2 0.7510416666666667 0.17083333333333334 0.325 0.3
2 0.6447916666666667 0.64375 0.3145833333333333 0.30625
2 0.7052083333333333 0.4739583333333333 0.25625 0.27708333333333335
2 0.7989583333333333 0.375 0.21875 0.25833333333333336
