2 0.5208333333333334 0.540625 0.16875 0.13541666666666666
2 0.43020833333333336 0.9385416666666667 0.24791666666666667 0.12291666666666666
2 0.66875 0.7479166666666667 0.3770833333333333 0.30833333333333335
2 0.8895833333333333 0.6947916666666667 0.21666666666666667 0.17916666666666667
2 0.89375 0.8333333333333334 0.20416666666666666 0.19583333333333333
2 0.7270833333333333 0.5260416666666666 0.2833333333333333 0.22916666666666666
2 0.3958333333333333 0.31354166666666666 0.13958333333333334 0.11875
2 0.18958333333333333 0.7583333333333333 0.23333333333333334 0.175
2 0.23645833333333333 0.3458333333333333 0.22291666666666668 0.24583333333333332
2 0.7666666666666667 0.12708333333333333 0.12708333333333333 0.10625
