2 0.8270833333333333 0.5572916666666666 0.3333333333333333 0.29375
2 0.43645833333333334 0.434375 0.2916666666666667 0.17916666666666667
2 0.11041666666666666 0.5822916666666667 0.22083333333333333 0.26458333333333334
2 0.28958333333333336 0.7604166666666666 0.2875 0.26458333333333334
2 0.24375 0.4166666666666667 0.31875 0.23958333333333334
2 0.50625 0.22395833333333334 0.33541666666666664 0.2916666666666667
2 0.190625 0.19583333333333333 0.3625 0.26875
2 0.12395833333333334 0.78125 0.24791666666666667 0.22083333333333333
2 0.734375 0.128125 0.2916666666666667 0.24791666666666667
2 0.915625 0.17708333333333334 0.16875 0.3125
2 0.8927083333333333 0.91875 0.17291666666666666 0.1625
2 0.9104166666666667 0.7583333333333333 0.15833333333333333 0.12708333333333333
2 0.6864583333333333 0.303125 0.23333333333333334 0.15208333333333332
