2 0.08229166666666667 0.528125 0.16458333333333333 0.21041666666666667
2 0.128125 0.13854166666666667 0.23125 0.21666666666666667
2 0.07291666666666667 0.31875 0.13541666666666666 0.21041666666666667
2 0.23958333333333334 0.5447916666666667 0.14166666666666666 0.15
2 0.159375 0.721875 0.28125 0.2604166666666667
2 0.371875 0.8895833333333333 0.28958333333333336 0.22083333333333333
2 0.5572916666666666 0.9197916666666667 0.16458333333333333 0.16041666666666668
2 0.375 0.07916666666666666 0.24166666666666667 0.15833333333333333
2 0.5697916666666667 0.11145833333333334 0.18541666666666667 0.22291666666666668
2 0.7510416666666667 0.09375 0.3229166666666667 0.18125
2 0.771875 0.26458333333333334 0.2375 0.2875
2 0.9239583333333333 0.18958333333333333 0.15208333333333332 0.1875
2 0.88125 0.384375 0.2375 0.24791666666666667
2 0.26666666666666666 0.28125 0.3229166666666667 0.28541666666666665
2 0.4427083333333333 0.3145833333333333 0.20208333333333334 0.15416666666666667
2 0.35625 0.4510416666666667 0.25 0.2375
2 0.55 0.5177083333333333 0.2833333333333333 0.32083333333333336
2 0.715625 0.5020833333333333 0.14375 0.16875
2 0.465625 0.7125 0.30625 0.30416666666666664
2 0.646875 0.8572916666666667 0.22916666666666666 0.2708333333333333
2 0.7635416666666667 0.9083333333333333 0.17708333333333334 0.18333333333333332
2 0.8822916666666667 0.85 0.21875 0.23541666666666666
2 0.734375 0.70625 0.27708333333333335 0.25833333333333336
2 0.8833333333333333 0.6135416666666667 0.23333333333333334 0.22916666666666666
