2 0.134375 0.7510416666666667 0.225 0.23958333333333334
2 0.121875 0.46458333333333335 0.24375 0.32916666666666666
2 0.096875 0.15520833333333334 0.19375 0.21041666666666667
2 0.13958333333333334 0.32395833333333335 0.19791666666666666 0.2625
2 0.28229166666666666 0.21354166666666666 0.3020833333333333 0.33125
2 0.4239583333333333 0.11875 0.27708333333333335 0.23125
2 0.6697916666666667 0.171875 0.3104166666666667 0.34375
2 0.578125 0.3489583333333333 0.2833333333333333 0.28958333333333336
2 0.815625 0.296875 0.30833333333333335 0.2604166666666667
2 0.8697916666666666 0.16666666666666666 0.20625 0.3333333333333333
2 0.10729166666666666 0.8760416666666667 0.13958333333333334 0.24791666666666667
2 0.28020833333333334 0.871875 0.33125 0.25625
2 0.4479166666666667 0.8479166666666667 0.39166666666666666 0.30416666666666664
2 0.6572916666666667 0.8177083333333334 0.3541666666666667 0.28958333333333336
2 0.8375 0.4635416666666667 0.2875 0.2916666666666667
2 0.2760416666666667 0.496875 0.32083333333333336 0.25416666666666665
2 0.465625 0.609375 0.27708333333333335 0.28958333333333336
2 0.25729166666666664 0.6552083333333333 0.20416666666666666 0.15416666666666667
2 0.6614583333333334 0.571875 0.275 0.26875
2 0.7895833333333333 0.6854166666666667 0.29375 0.2791666666666667
2 0.9020833333333333 0.7625 0.19583333333333333 0.24166666666666667
2 0.9270833333333334 0.584375 0.14583333333333334 0.20625
