2 0.103125 0.7041666666666667 0.17083333333333334 0.20416666666666666
2 0.15729166666666666 0.825 0.22083333333333333 0.2125
2 0.18020833333333333 0.9645833333333333 0.17291666666666666 0.07083333333333333
2 0.29270833333333335 0.9229166666666667 0.21041666666666667 0.15416666666666667
2 0.06354166666666666 0.3729166666666667 0.12708333333333333 0.26666666666666666
2 0.10729166666666666 0.175 0.21458333333333332 0.225
2 0.5958333333333333 0.8791666666666667 0.25833333333333336 0.24166666666666667
2 0.7708333333333334 0.8645833333333334 0.20416666666666666 0.19166666666666668
2 0.8979166666666667 0.8416666666666667 0.14791666666666667 0.14375
2 0.940625 0.7958333333333333 0.11875 0.2375
2 0.8041666666666667 0.70625 0.275 0.25
2 0.9416666666666667 0.5927083333333333 0.11666666666666667 0.24791666666666667
2 0.8729166666666667 0.571875 0.2 0.16458333333333333
2 0.35625 0.734375 0.31875 0.30833333333333335
2 0.5979166666666667 0.659375 0.2916666666666667 0.26875
2 0.5895833333333333 0.7697916666666667 0.2604166666666667 0.21458333333333332
2 0.3854166666666667 0.5375 0.2375 0.21041666666666667
2 0.5052083333333334 0.521875 0.17083333333333334 0.16041666666666668
2 0.7010416666666667 0.4395833333333333 0.3125 0.2791666666666667
2 0.8895833333333333 0.40520833333333334 0.22083333333333333 0.23541666666666666
2 0.24583333333333332 0.48854166666666665 0.24583333333333332 0.2708333333333333
2 0.2875 0.23854166666666668 0.1875 0.25625
2 0.428125 0.19791666666666666 0.2791666666666667 0.25
2 0.496875 0.3854166666666667 0.26875 0.26458333333333334
2 0.6739583333333333 0.24166666666666667 0.23125 0.2604166666666667
2 0.828125 0.20416666666666666 0.21666666666666667 0.25416666666666665
2 0.7572916666666667 0.084375 0.23125 0.16875
2 0.78125 0.03125 0.2375 0.0625
2 0.5072916666666667 0.07083333333333333 0.27291666666666664 0.14166666666666666
2 0.5979166666666667 0.15520833333333334 0.22916666666666666 0.20416666666666666
