2 0.32083333333333336 0.18333333333333332 0.31875 0.32708333333333334
2 0.22083333333333333 0.5291666666666667 0.23541666666666666 0.2708333333333333
2 0.10416666666666667 0.6916666666666667 0.20833333333333334 0.325
2 0.12083333333333333 0.38333333333333336 0.24166666666666667 0.3541666666666667
2 0.11145833333333334 0.26145833333333335 0.20416666666666666 0.3416666666666667
2 0.7395833333333334 0.8989583333333333 0.2791666666666667 0.20208333333333334
2 0.6333333333333333 0.2125 0.17916666666666667 0.24375
2 0.921875 0.14895833333333333 0.15625 0.18541666666666667
2 0.759375 0.35625 0.2625 0.3333333333333333
2 0.8770833333333333 0.35208333333333336 0.24583333333333332 0.30416666666666664
2 0.8770833333333333 0.5322916666666667 0.24583333333333332 0.29375
2 0.334375 0.825 0.33958333333333335 0.24791666666666667
2 0.5114583333333333 0.88125 0.36041666666666666 0.2375
2 0.503125 0.6645833333333333 0.2875 0.29583333333333334
2 0.328125 0.65625 0.16666666666666666 0.21666666666666667
2 0.7916666666666666 0.7833333333333333 0.275 0.27291666666666664
2 0.5729166666666666 0.5239583333333333 0.31875 0.27291666666666664
