2 0.10208333333333333 0.16979166666666667 0.20416666666666666 0.20208333333333334
2 0.8958333333333334 0.7666666666666667 0.20833333333333334 0.2875
2 0.609375 0.8885416666666667 0.21041666666666667 0.22291666666666668
2 0.85625 0.64375 0.23125 0.19583333333333333
2 0.690625 0.6875 0.25625 0.2375
2 0.12395833333333334 0.5302083333333333 0.24375 0.24791666666666667
2 0.11145833333333334 0.8291666666666667 0.16041666666666668 0.18333333333333332
2 0.23229166666666667 0.884375 0.24791666666666667 0.23125
2 0.459375 0.8958333333333334 0.21458333333333332 0.20833333333333334
2 0.39479166666666665 0.7520833333333333 0.27708333333333335 0.2
2 0.240625 0.640625 0.28125 0.27708333333333335
2 0.275 0.41875 0.175 0.19791666666666666
2 0.4510416666666667 0.39791666666666664 0.2708333333333333 0.20208333333333334
2 0.628125 0.5083333333333333 0.24583333333333332 0.20625
2 0.48125 0.5947916666666667 0.21041666666666667 0.22916666666666666
2 0.6572916666666667 0.3645833333333333 0.24166666666666667 0.21666666666666667
2 0.8260416666666667 0.3302083333333333 0.175 0.16875
2 0.859375 0.146875 0.21041666666666667 0.18958333333333333
2 0.43333333333333335 0.184375 0.15833333333333333 0.1625
2 0.5864583333333333 0.17395833333333333 0.24791666666666667 0.21875
2 0.6802083333333333 0.04791666666666667 0.25625 0.09583333333333334
