2 0.3572916666666667 0.134375 0.33125 0.26875
2 0.15729166666666666 0.19375 0.3145833333333333 0.30416666666666664
2 0.7239583333333334 0.12708333333333333 0.3645833333333333 0.25416666666666665
2 0.6322916666666667 0.18333333333333332 0.25416666666666665 0.24583333333333332
2 0.65625 0.35 0.32916666666666666 0.31875
2 0.8354166666666667 0.384375 0.31875 0.34375
2 0.86875 0.25729166666666664 0.21458333333333332 0.24791666666666667
2 0.46145833333333336 0.3541666666666667 0.33125 0.33958333333333335
2 0.190625 0.4625 0.38125 0.42083333333333334
2 0.55 0.5572916666666666 0.24375 0.225
2 0.5177083333333333 0.671875 0.27291666666666664 0.3145833333333333
2 0.30625 0.765625 0.3145833333333333 0.30625
2 0.17604166666666668 0.8989583333333333 0.22083333333333333 0.19583333333333333
2 0.8947916666666667 0.6625 0.21041666666666667 0.35
2 0.8239583333333333 0.7385416666666667 0.30625 0.33958333333333335
2 0.7541666666666667 0.896875 0.25416666666666665 0.1625
2 0.609375 0.7697916666666667 0.3125 0.3541666666666667
2 0.5166666666666667 0.8916666666666667 0.2833333333333333 0.21666666666666667
2 0.959375 0.7666666666666667 0.08125 0.275
