2 0.8395833333333333 0.9208333333333333 0.16666666666666666 0.15833333333333333
2 0.036458333333333336 0.75 0.07291666666666667 0.20833333333333334
2 0.06041666666666667 0.5510416666666667 0.12083333333333333 0.28125
2 0.14270833333333333 0.5677083333333334 0.27291666666666664 0.26666666666666666
2 0.11041666666666666 0.3145833333333333 0.20625 0.2604166666666667
2 0.11354166666666667 0.39791666666666664 0.15625 0.13958333333333334
2 0.28125 0.434375 0.25 0.22708333333333333
2 0.20104166666666667 0.121875 0.22708333333333333 0.24375
2 0.38125 0.06979166666666667 0.25 0.13958333333333334
2 0.2916666666666667 0.22395833333333334 0.23333333333333334 0.26458333333333334
2 0.446875 0.19375 0.28125 0.30625
2 0.5572916666666666 0.15520833333333334 0.18958333333333333 0.19375
2 0.7104166666666667 0.140625 0.275 0.25
2 0.9104166666666667 0.31979166666666664 0.17916666666666667 0.33958333333333335
2 0.8135416666666667 0.2791666666666667 0.26875 0.27708333333333335
2 0.6927083333333334 0.2677083333333333 0.20625 0.22916666666666666
2 0.55 0.35104166666666664 0.16458333333333333 0.20208333333333334
2 0.32708333333333334 0.6145833333333334 0.23125 0.26666666666666666
2 0.16458333333333333 0.7885416666666667 0.27291666666666664 0.25833333333333336
2 0.21875 0.8885416666666667 0.2604166666666667 0.16458333333333333
2 0.36770833333333336 0.8177083333333334 0.32083333333333336 0.2791666666666667
2 0.5177083333333333 0.65625 0.25 0.2875
2 0.7125 0.6729166666666667 0.27708333333333335 0.2875
2 0.86875 0.584375 0.2625 0.27291666666666664
2 0.68125 0.47604166666666664 0.275 0.25625
2 0.878125 0.7635416666666667 0.18333333333333332 0.225
2 0.7447916666666666 0.865625 0.18125 0.19791666666666666
2 0.575 0.8875 0.23333333333333334 0.225
