2 0.3885416666666667 0.2625 0.4479166666666667 0.4625
2 0.2875 0.075 0.35833333333333334 0.15
2 0.6208333333333333 0.18645833333333334 0.3416666666666667 0.33541666666666664
2 0.16145833333333334 0.4635416666666667 0.3229166666666667 0.36041666666666666
2 0.16458333333333333 0.25 0.30625 0.31666666666666665
2 0.9020833333333333 0.22604166666666667 0.19583333333333333 0.28125
2 0.8645833333333334 0.4395833333333333 0.2708333333333333 0.35833333333333334
2 0.7229166666666667 0.39895833333333336 0.43125 0.34791666666666665
2 0.8770833333333333 0.703125 0.23958333333333334 0.33958333333333335
2 0.5302083333333333 0.603125 0.38333333333333336 0.3770833333333333
2 0.19583333333333333 0.6864583333333333 0.39166666666666666 0.33541666666666664
2 0.509375 0.8333333333333334 0.36666666666666664 0.29375
2 0.825 0.86875 0.2875 0.2625
