2 0.778125 0.9333333333333333 0.2520833333333333 0.13333333333333333
2 0.6145833333333334 0.8822916666666667 0.22291666666666668 0.23125
2 0.5104166666666666 0.90625 0.25833333333333336 0.1875
2 0.3125 0.890625 0.20416666666666666 0.1875
2 0.10729166666666666 0.8416666666666667 0.21458333333333332 0.17916666666666667
2 0.06770833333333333 0.7260416666666667 0.13541666666666666 0.3104166666666667
2 0.315625 0.8020833333333334 0.20833333333333334 0.2125
2 0.19479166666666667 0.734375 0.2375 0.23541666666666666
2 0.871875 0.8333333333333334 0.15416666666666667 0.21458333333333332
2 0.8177083333333334 0.7125 0.26458333333333334 0.27708333333333335
2 0.8697916666666666 0.5729166666666666 0.20416666666666666 0.1625
2 0.6552083333333333 0.5697916666666667 0.3 0.27708333333333335
2 0.5354166666666667 0.715625 0.3229166666666667 0.25
2 0.4510416666666667 0.5322916666666667 0.24583333333333332 0.23958333333333334
2 0.315625 0.621875 0.2604166666666667 0.20833333333333334
2 0.12395833333333334 0.578125 0.18958333333333333 0.2
2 0.1125 0.41875 0.225 0.24166666666666667
2 0.8791666666666667 0.42916666666666664 0.24166666666666667 0.2833333333333333
2 0.7614583333333333 0.3489583333333333 0.2791666666666667 0.28125
2 0.853125 0.140625 0.2375 0.175
2 0.9447916666666667 0.246875 0.11041666666666666 0.23958333333333334
2 0.6979166666666666 0.20416666666666666 0.22916666666666666 0.22291666666666668
2 0.5302083333333333 0.33125 0.2916666666666667 0.30833333333333335
2 0.28020833333333334 0.42083333333333334 0.21458333333333332 0.24375
2 0.17083333333333334 0.2520833333333333 0.27291666666666664 0.22916666666666666
2 0.20520833333333333 0.13229166666666667 0.22708333333333333 0.19791666666666666
2 0.396875 0.19583333333333333 0.24583333333333332 0.24375
2 0.5427083333333333 0.09479166666666666 0.23541666666666666 0.18958333333333333
