2 0.7489583333333333 0.12083333333333333 0.20208333333333334 0.1875
2 0.6354166666666666 0.10729166666666666 0.1 0.12708333333333333
2 0.5166666666666667 0.21145833333333333 0.19166666666666668 0.21458333333333332
2 0.3333333333333333 0.215625 0.19791666666666666 0.22083333333333333
2 0.23645833333333333 0.06666666666666667 0.24791666666666667 0.13333333333333333
2 0.14583333333333334 0.22291666666666668 0.22916666666666666 0.23333333333333334
2 0.884375 0.3541666666666667 0.23125 0.2916666666666667
2 0.678125 0.40625 0.2916666666666667 0.25416666666666665
2 0.8364583333333333 0.54375 0.30416666666666664 0.26875
2 0.6572916666666667 0.7489583333333333 0.2791666666666667 0.27291666666666664
2 0.765625 0.9552083333333333 0.26458333333333334 0.08958333333333333
2 0.6114583333333333 0.9385416666666667 0.21041666666666667 0.12291666666666666
2 0.44895833333333335 0.8395833333333333 0.33958333333333335 0.32083333333333336
2 0.503125 0.5010416666666667 0.33125 0.3
2 0.390625 0.6697916666666667 0.19583333333333333 0.20416666666666666
2 0.21354166666666666 0.675 0.33125 0.32708333333333334
2 0.21354166666666666 0.8708333333333333 0.26666666666666666 0.20208333333333334
2 0.08854166666666667 0.765625 0.17708333333333334 0.22291666666666668
