2 0.41354166666666664 0.8458333333333333 0.18333333333333332 0.18958333333333333
2 0.6447916666666667 0.8270833333333333 0.1625 0.21458333333333332
2 0.4822916666666667 0.6697916666666667 0.22083333333333333 0.20208333333333334
2 0.08645833333333333 0.25833333333333336 0.1625 0.16041666666666668
2 0.22083333333333333 0.11041666666666666 0.25833333333333336 0.22083333333333333
2 0.48854166666666665 0.071875 0.26458333333333334 0.14375
2 0.3729166666666667 0.14791666666666667 0.21666666666666667 0.23541666666666666
2 0.7666666666666667 0.10104166666666667 0.20625 0.18958333333333333
2 0.9041666666666667 0.16979166666666667 0.19166666666666668 0.21875
2 0.871875 0.3385416666666667 0.25625 0.23125
2 0.6875 0.42916666666666664 0.20625 0.21875
2 0.86875 0.5395833333333333 0.225 0.21458333333333332
2 0.6885416666666667 0.6270833333333333 0.15416666666666667 0.18333333333333332
2 0.8197916666666667 0.8052083333333333 0.3020833333333333 0.3020833333333333
