2 0.07083333333333333 0.803125 0.14166666666666666 0.21458333333333332
2 0.10625 0.6510416666666666 0.2125 0.16875
2 0.17604166666666668 0.2677083333333333 0.2125 0.22291666666666668
2 0.14583333333333334 0.12604166666666666 0.24166666666666667 0.2520833333333333
2 0.25416666666666665 0.8385416666666666 0.19375 0.2375
2 0.40208333333333335 0.8875 0.25416666666666665 0.225
2 0.6208333333333333 0.884375 0.325 0.23125
2 0.7479166666666667 0.8875 0.3 0.225
2 0.3416666666666667 0.6833333333333333 0.28125 0.29791666666666666
2 0.5635416666666667 0.765625 0.31875 0.30833333333333335
2 0.8135416666666667 0.740625 0.2604166666666667 0.2520833333333333
2 0.56875 0.6010416666666667 0.35 0.34791666666666665
2 0.4010416666666667 0.5322916666666667 0.22708333333333333 0.22291666666666668
2 0.20520833333333333 0.4583333333333333 0.35208333333333336 0.3145833333333333
2 0.36041666666666666 0.35520833333333335 0.32916666666666666 0.2375
2 0.396875 0.203125 0.30416666666666664 0.25416666666666665
2 0.71875 0.26979166666666665 0.3020833333333333 0.2791666666666667
2 0.5541666666666667 0.32916666666666666 0.2125 0.27291666666666664
2 0.6927083333333334 0.4635416666666667 0.36666666666666664 0.26875
2 0.659375 0.11354166666666667 0.28958333333333336 0.225
2 0.44583333333333336 0.06354166666666666 0.22916666666666666 0.12708333333333333
