2 0.8479166666666667 0.9177083333333333 0.1625 0.16458333333333333
2 0.0375 0.759375 0.075 0.20625
2 0.059375 0.5583333333333333 0.11875 0.2791666666666667
2 0.14375 0.5739583333333333 0.2708333333333333 0.26458333333333334
2 0.10729166666666666 0.32083333333333336 0.20208333333333334 0.2604166666666667
2 0.11145833333333334 0.40520833333333334 0.15416666666666667 0.1375
2 0.28020833333333334 0.43854166666666666 0.24791666666666667 0.225
2 0.19479166666666667 0.12395833333333334 0.22291666666666668 0.24791666666666667
2 0.3729166666666667 0.06979166666666667 0.25 0.13958333333333334
2 0.2864583333333333 0.228125 0.22916666666666666 0.2625
2 0.44166666666666665 0.19479166666666667 0.2791666666666667 0.30416666666666664
2 0.5520833333333334 0.15416666666666667 0.1875 0.19166666666666668
2 0.7041666666666667 0.13645833333333332 0.27291666666666664 0.24791666666666667
2 0.9104166666666667 0.3125 0.17916666666666667 0.3375
2 0.809375 0.27395833333333336 0.26666666666666666 0.275
2 0.6885416666666667 0.2635416666666667 0.20416666666666666 0.22708333333333333
2 0.546875 0.35 0.1625 0.2
2 0.32916666666666666 0.6177083333333333 0.22916666666666666 0.26458333333333334
2 0.16979166666666667 0.7947916666666667 0.2708333333333333 0.25416666666666665
2 0.225 0.8927083333333333 0.2604166666666667 0.1625
2 0.3729166666666667 0.8197916666666667 0.31875 0.275
2 0.5208333333333334 0.65625 0.24583333333333332 0.28541666666666665
2 0.715625 0.66875 0.27291666666666664 0.28541666666666665
2 0.8708333333333333 0.5770833333333333 0.25833333333333336 0.2708333333333333
2 0.68125 0.47291666666666665 0.27291666666666664 0.25416666666666665
2 0.8822916666666667 0.75625 0.18125 0.22291666666666668
2 0.7510416666666667 0.8604166666666667 0.17916666666666667 0.19583333333333333
2 0.5822916666666667 0.8875 0.23125 0.225
