2 0.08020833333333334 0.8729166666666667 0.16041666666666668 0.21666666666666667
2 0.33125 0.865625 0.26875 0.26458333333333334
2 0.19479166666666667 0.90625 0.18541666666666667 0.16666666666666666
2 0.6635416666666667 0.921875 0.26875 0.15625
2 0.75 0.8333333333333334 0.2791666666666667 0.2708333333333333
2 0.51875 0.846875 0.25625 0.23125
2 0.47291666666666665 0.6875 0.17708333333333334 0.17708333333333334
2 0.10833333333333334 0.6645833333333333 0.21666666666666667 0.24583333333333332
2 0.25729166666666664 0.6552083333333333 0.23541666666666666 0.24375
2 0.08958333333333333 0.284375 0.17291666666666666 0.2791666666666667
2 0.20625 0.14166666666666666 0.2875 0.25416666666666665
2 0.228125 0.37916666666666665 0.30625 0.24583333333333332
2 0.9229166666666667 0.83125 0.12916666666666668 0.15
2 0.9333333333333333 0.6989583333333333 0.12291666666666666 0.20833333333333334
2 0.81875 0.671875 0.24791666666666667 0.18125
2 0.6822916666666666 0.6260416666666667 0.28541666666666665 0.23541666666666666
2 0.6927083333333334 0.44583333333333336 0.25 0.21875
2 0.8927083333333333 0.5 0.21458333333333332 0.24166666666666667
2 0.903125 0.34791666666666665 0.19375 0.2125
2 0.8447916666666667 0.22916666666666666 0.21458333333333332 0.28125
2 0.8104166666666667 0.090625 0.27708333333333335 0.16458333333333333
2 0.6229166666666667 0.059375 0.20416666666666666 0.11666666666666667
2 0.4875 0.15416666666666667 0.3333333333333333 0.2520833333333333
2 0.3770833333333333 0.065625 0.2625 0.13125
2 0.5364583333333334 0.35833333333333334 0.30833333333333335 0.2625
