2 0.85 0.5947916666666667 0.3 0.38125
2 0.6604166666666667 0.6614583333333334 0.25833333333333336 0.2375
2 0.459375 0.6677083333333333 0.30833333333333335 0.2833333333333333
2 0.2635416666666667 0.79375 0.2625 0.25625
2 0.16458333333333333 0.6572916666666667 0.2833333333333333 0.28125
2 0.30104166666666665 0.5447916666666667 0.19583333333333333 0.24375
2 0.0875 0.490625 0.175 0.31875
2 0.10729166666666666 0.20833333333333334 0.21458333333333332 0.24583333333333332
2 0.2864583333333333 0.18333333333333332 0.21041666666666667 0.25
2 0.45 0.134375 0.12916666666666668 0.12708333333333333
2 0.7489583333333333 0.109375 0.3854166666666667 0.21875
