2 0.7989583333333333 0.8666666666666667 0.14166666666666666 0.14583333333333334
2 0.7989583333333333 0.940625 0.18125 0.11875
2 0.896875 0.715625 0.175 0.23958333333333334
2 0.10208333333333333 0.56875 0.20416666666666666 0.2125
2 0.06458333333333334 0.7510416666666667 0.12916666666666668 0.26458333333333334
2 0.15 0.753125 0.22916666666666666 0.20833333333333334
2 0.09375 0.3645833333333333 0.17291666666666666 0.1875
2 0.2875 0.28229166666666666 0.17291666666666666 0.15833333333333333
2 0.5072916666666667 0.33645833333333336 0.20625 0.15833333333333333
2 0.31666666666666665 0.125 0.2916666666666667 0.25
2 0.5041666666666667 0.16354166666666667 0.3 0.32708333333333334
2 0.6916666666666667 0.11458333333333333 0.3125 0.22291666666666668
2 0.7520833333333333 0.23229166666666667 0.2875 0.29375
2 0.7864583333333334 0.39895833333333336 0.16666666666666666 0.19166666666666668
2 0.8958333333333334 0.3458333333333333 0.20833333333333334 0.2875
2 0.6760416666666667 0.5958333333333333 0.37916666666666665 0.39375
2 0.278125 0.5510416666666667 0.24791666666666667 0.3
2 0.4041666666666667 0.640625 0.23125 0.25833333333333336
2 0.4354166666666667 0.48854166666666665 0.28958333333333336 0.20416666666666666
