2 0.15729166666666666 0.8833333333333333 0.25625 0.23333333333333334
2 0.4166666666666667 0.11875 0.26666666666666666 0.2375
2 0.58125 0.05520833333333333 0.21666666666666667 0.11041666666666666
2 0.9041666666666667 0.065625 0.11666666666666667 0.13125
2 0.8166666666666667 0.16354166666666667 0.2916666666666667 0.26458333333333334
2 0.9395833333333333 0.7510416666666667 0.12083333333333333 0.22708333333333333
2 0.075 0.15104166666666666 0.15 0.23125
2 0.08958333333333333 0.28541666666666665 0.17916666666666667 0.25416666666666665
2 0.096875 0.4822916666666667 0.19375 0.26458333333333334
2 0.20833333333333334 0.45625 0.17708333333333334 0.20625
2 0.30833333333333335 0.35625 0.2708333333333333 0.29791666666666666
2 0.06354166666666666 0.6760416666666667 0.11458333333333333 0.2125
2 0.12291666666666666 0.6958333333333333 0.23333333333333334 0.2708333333333333
2 0.18645833333333334 0.7895833333333333 0.19375 0.19166666666666668
2 0.3885416666666667 0.86875 0.30625 0.2625
2 0.36770833333333336 0.6302083333333334 0.29375 0.3375
2 0.5260416666666666 0.7229166666666667 0.175 0.24166666666666667
2 0.68125 0.771875 0.17083333333333334 0.23333333333333334
2 0.8427083333333333 0.7458333333333333 0.19583333333333333 0.19166666666666668
2 0.8041666666666667 0.9020833333333333 0.23125 0.16041666666666668
2 0.9458333333333333 0.5333333333333333 0.10833333333333334 0.19583333333333333
2 0.5 0.4322916666666667 0.27291666666666664 0.275
2 0.734375 0.590625 0.23541666666666666 0.22291666666666668
2 0.6333333333333333 0.45208333333333334 0.21458333333333332 0.24375
2 0.9041666666666667 0.35208333333333336 0.14375 0.15625
