3 0.1361111111111111 0.30617283950617286 0.09305555555555556 0.1580246913580247
3 0.32222222222222224 0.3135802469135803 0.07361111111111111 0.15555555555555556
3 0.3125 0.05185185185185185 0.0763888888888889 0.10123456790123457
3 0.15416666666666667 0.044444444444444446 0.0875 0.08888888888888889
3 0.12638888888888888 0.6271604938271605 0.0763888888888889 0.1506172839506173
3 0.16666666666666666 0.8864197530864197 0.10138888888888889 0.1506172839506173
3 0.32222222222222224 0.8864197530864197 0.07777777777777778 0.13580246913580246
3 0.3125 0.582716049382716 0.08472222222222223 0.15555555555555556
3 0.5 0.25679012345679014 0.07361111111111111 0.1259259259259259
3 0.5055555555555555 0.5703703703703704 0.08194444444444444 0.14814814814814814
3 0.5138888888888888 0.8765432098765432 0.07361111111111111 0.14814814814814814
3 0.6875 0.8246913580246914 0.08194444444444444 0.1382716049382716
3 0.6763888888888889 0.562962962962963 0.07777777777777778 0.1382716049382716
3 0.6597222222222222 0.26666666666666666 0.07361111111111111 0.15308641975308643
3 0.8333333333333334 0.2345679012345679 0.06388888888888888 0.1654320987654321
3 0.8402777777777778 0.49876543209876545 0.06944444444444445 0.1506172839506173
3 0.85 0.7728395061728395 0.07222222222222222 0.14814814814814814
3 0.9708333333333333 0.48641975308641977 0.05694444444444444 0.14074074074074075
3 0.9819444444444444 0.21481481481481482 0.034722222222222224 0.11604938271604938
3 0.4930555555555556 0.037037037037037035 0.06805555555555555 0.07407407407407407
3 0.6527777777777778 0.0345679012345679 0.07916666666666666 0.0691358024691358
