3 0.8638888888888889 0.6938271604938272 0.09305555555555556 0.1580246913580247
3 0.6777777777777778 0.6864197530864198 0.07361111111111111 0.15555555555555556
3 0.6875 0.9481481481481482 0.0763888888888889 0.10123456790123457
3 0.8458333333333333 0.9555555555555556 0.0875 0.08888888888888889
3 0.8736111111111111 0.3728395061728395 0.0763888888888889 0.1506172839506173
3 0.8333333333333334 0.11358024691358025 0.10138888888888889 0.1506172839506173
3 0.6777777777777778 0.11358024691358025 0.07777777777777778 0.13580246913580246
3 0.6875 0.41728395061728396 0.08472222222222223 0.15555555555555556
3 0.5 0.7432098765432099 0.07361111111111111 0.1259259259259259
3 0.49444444444444446 0.42962962962962964 0.08194444444444444 0.14814814814814814
3 0.4861111111111111 0.12345679012345678 0.07361111111111111 0.14814814814814814
3 0.3125 0.17530864197530865 0.08194444444444444 0.1382716049382716
3 0.3236111111111111 0.43703703703703706 0.07777777777777778 0.1382716049382716
3 0.3402777777777778 0.7333333333333333 0.07361111111111111 0.15308641975308643
3 0.16666666666666666 0.7654320987654321 0.06388888888888888 0.1654320987654321
3 0.1597222222222222 0.5012345679012346 0.06944444444444445 0.1506172839506173
3 0.15 0.2271604938271605 0.07222222222222222 0.14814814814814814
3 0.029166666666666667 0.5135802469135803 0.05694444444444444 0.14074074074074075
3 0.018055555555555554 0.7851851851851852 0.034722222222222224 0.11604938271604938
3 0.5069444444444444 0.9629629629629629 0.06805555555555555 0.07407407407407407
3 0.3472222222222222 0.9654320987654321 0.07916666666666666 0.0691358024691358
