0 0.8966346153846154 0.22355769230769232 0.1346153846153846 0.1658653846153846
0 0.9206730769230769 0.09495192307692307 0.1466346153846154 0.15625
0 0.8822115384615384 0.054086538461538464 0.14423076923076922 0.10817307692307693
0 0.6971153846153846 0.5516826923076923 0.1141826923076923 0.1875
0 0.5721153846153846 0.5228365384615384 0.14903846153846154 0.16105769230769232
0 0.9735576923076923 0.8112980769230769 0.051682692307692304 0.1201923076923077
0 0.3762019230769231 0.5673076923076923 0.09975961538461539 0.1201923076923077
0 0.2692307692307692 0.33413461538461536 0.12259615384615384 0.1310096153846154
0 0.3786057692307692 0.11658653846153846 0.0733173076923077 0.11177884615384616
0 0.4206730769230769 0.03365384615384615 0.1045673076923077 0.0673076923076923
0 0.29927884615384615 0.4795673076923077 0.140625 0.12139423076923077
0 0.2608173076923077 0.6262019230769231 0.10216346153846154 0.1141826923076923
1 0.7295673076923077 0.7956730769230769 0.08774038461538461 0.12139423076923077
1 0.6370192307692307 0.7896634615384616 0.051682692307692304 0.06610576923076923
1 0.5324519230769231 0.7920673076923077 0.06370192307692307 0.08173076923076923
1 0.22115384615384615 0.9122596153846154 0.203125 0.17548076923076922
1 0.9387019230769231 0.3245192307692308 0.12259615384615384 0.12740384615384615
1 0.9591346153846154 0.4326923076923077 0.08173076923076923 0.125
