0 0.9387019230769231 0.08052884615384616 0.1141826923076923 0.1466346153846154
0 0.921875 0.2403846153846154 0.14302884615384615 0.22235576923076922
0 0.6478365384615384 0.06129807692307692 0.042067307692307696 0.078125
0 0.3629807692307692 0.051682692307692304 0.030048076923076924 0.037259615384615384
0 0.09375 0.16947115384615385 0.04447115384615385 0.04447115384615385
0 0.17067307692307693 0.17427884615384615 0.07211538461538461 0.09615384615384616
0 0.2644230769230769 0.12980769230769232 0.10336538461538461 0.13581730769230768
0 0.056490384615384616 0.3112980769230769 0.11298076923076923 0.13701923076923078
0 0.055288461538461536 0.7415865384615384 0.11057692307692307 0.15865384615384615
0 0.6478365384615384 0.9483173076923077 0.06971153846153846 0.10336538461538461
0 0.7199519230769231 0.8052884615384616 0.07451923076923077 0.1346153846153846
0 0.7596153846153846 0.9194711538461539 0.03125 0.052884615384615384
0 0.6862980769230769 0.6105769230769231 0.040865384615384616 0.051682692307692304
1 0.21995192307692307 0.47836538461538464 0.06009615384615385 0.078125
1 0.07091346153846154 0.5180288461538461 0.14182692307692307 0.27163461538461536
1 0.056490384615384616 0.9507211538461539 0.10216346153846154 0.09735576923076923
1 0.828125 0.5336538461538461 0.039663461538461536 0.046875
1 0.7776442307692307 0.15865384615384615 0.20793269230769232 0.3173076923076923
1 0.9074519230769231 0.9182692307692307 0.18509615384615385 0.1622596153846154
1 0.6105769230769231 0.7367788461538461 0.03365384615384615 0.046875
