0 0.10216346153846154 0.04326923076923077 0.036057692307692304 0.05048076923076923
0 0.18629807692307693 0.04326923076923077 0.08413461538461539 0.08653846153846154
0 0.2776442307692308 0.040865384615384616 0.10336538461538461 0.08173076923076923
0 0.06971153846153846 0.17548076923076922 0.1141826923076923 0.14423076923076922
0 0.07091346153846154 0.5973557692307693 0.10576923076923077 0.10576923076923077
0 0.19831730769230768 0.8834134615384616 0.0829326923076923 0.10216346153846154
0 0.7524038461538461 0.7680288461538461 0.03365384615384615 0.052884615384615384
0 0.7355769230769231 0.9747596153846154 0.02283653846153846 0.03125
0 0.6454326923076923 0.7992788461538461 0.07692307692307693 0.10817307692307693
0 0.7175480769230769 0.6442307692307693 0.07451923076923077 0.13221153846153846
0 0.6887019230769231 0.46274038461538464 0.03245192307692308 0.054086538461538464
0 0.9182692307692307 0.10817307692307693 0.1466346153846154 0.21634615384615385
1 0.7560096153846154 0.09735576923076923 0.1875 0.1935096153846154
1 0.8269230769230769 0.40024038461538464 0.038461538461538464 0.046875
1 0.9002403846153846 0.8377403846153846 0.19951923076923078 0.3245192307692308
1 0.6454326923076923 0.9399038461538461 0.07451923076923077 0.1201923076923077
1 0.6081730769230769 0.5889423076923077 0.027644230769230768 0.037259615384615384
1 0.05889423076923077 0.8677884615384616 0.11778846153846154 0.2644230769230769
1 0.2283653846153846 0.33413461538461536 0.06009615384615385 0.07932692307692307
1 0.07572115384615384 0.3641826923076923 0.15144230769230768 0.30288461538461536
0 0.2692307692307692 0.5432692307692307 0.025240384615384616 0.03485576923076923
