1 0.4579326923076923 0.7115384615384616 0.22355769230769232 0.29086538461538464
1 0.45072115384615385 0.9387019230769231 0.1201923076923077 0.12259615384615384
1 0.17067307692307693 0.24639423076923078 0.12259615384615384 0.17548076923076922
1 0.29086538461538464 0.23798076923076922 0.1201923076923077 0.20192307692307693
1 0.04807692307692308 0.2512019230769231 0.09615384615384616 0.1971153846153846
1 0.2127403846153846 0.40024038461538464 0.07451923076923077 0.10336538461538461
1 0.3245192307692308 0.5 0.05889423076923077 0.08413461538461539
1 0.6129807692307693 0.6502403846153846 0.052884615384615384 0.109375
1 0.06971153846153846 0.6129807692307693 0.039663461538461536 0.05048076923076923
0 0.43990384615384615 0.47596153846153844 0.1045673076923077 0.15144230769230768
0 0.5456730769230769 0.3161057692307692 0.05889423076923077 0.10336538461538461
0 0.640625 0.2692307692307692 0.09615384615384616 0.15144230769230768
