0 0.9122596153846154 0.8100961538461539 0.15144230769230768 0.22956730769230768
0 0.7764423076923077 0.765625 0.1310096153846154 0.171875
0 0.5649038461538461 0.8197115384615384 0.09134615384615384 0.10576923076923077
0 0.5036057692307693 0.7259615384615384 0.1346153846153846 0.1310096153846154
0 0.43990384615384615 0.8617788461538461 0.11298076923076923 0.125
0 0.4639423076923077 0.5841346153846154 0.13701923076923078 0.13942307692307693
0 0.5841346153846154 0.36538461538461536 0.09134615384615384 0.09014423076923077
1 0.6370192307692307 0.19230769230769232 0.15865384615384615 0.1971153846153846
1 0.6610576923076923 0.038461538461538464 0.10697115384615384 0.07572115384615384
0 0.40024038461538464 0.21875 0.125 0.11658653846153846
1 0.40024038461538464 0.11298076923076923 0.10697115384615384 0.08653846153846154
0 0.11177884615384616 0.8088942307692307 0.08653846153846154 0.10697115384615384
0 0.04447115384615385 0.8269230769230769 0.08533653846153846 0.08653846153846154
1 0.0985576923076923 0.9350961538461539 0.10096153846153846 0.12860576923076922
0 0.021634615384615384 0.8942307692307693 0.04326923076923077 0.0625
0 0.25841346153846156 0.12980769230769232 0.06009615384615385 0.09495192307692307
0 0.22355769230769232 0.046875 0.04447115384615385 0.05048076923076923
0 0.140625 0.054086538461538464 0.0673076923076923 0.09495192307692307
