0 0.8461538461538461 0.15144230769230768 0.15144230769230768 0.21153846153846154
1 0.7055288461538461 0.1045673076923077 0.09975961538461539 0.12980769230769232
1 0.6766826923076923 0.2920673076923077 0.10576923076923077 0.10817307692307693
1 0.6310096153846154 0.453125 0.1502403846153846 0.1502403846153846
1 0.41466346153846156 0.421875 0.04326923076923077 0.08052884615384616
0 0.390625 0.4855769230769231 0.109375 0.07572115384615384
0 0.578125 0.6298076923076923 0.08173076923076923 0.08173076923076923
0 0.5 0.7884615384615384 0.05889423076923077 0.10336538461538461
0 0.45072115384615385 0.8774038461538461 0.10096153846153846 0.09615384615384616
0 0.5336538461538461 0.8990384615384616 0.04927884615384615 0.08774038461538461
0 0.484375 0.9699519230769231 0.1141826923076923 0.06009615384615385
0 0.7716346153846154 0.96875 0.12860576923076922 0.0625
0 0.9014423076923077 0.9699519230769231 0.11658653846153846 0.06009615384615385
