0 0.7692307692307693 0.24879807692307693 0.08774038461538461 0.16947115384615385
0 0.9038461538461539 0.3004807692307692 0.0673076923076923 0.11778846153846154
0 0.9783653846153846 0.2764423076923077 0.04326923076923077 0.08173076923076923
0 0.5060096153846154 0.28725961538461536 0.08774038461538461 0.08533653846153846
0 0.41947115384615385 0.27403846153846156 0.08173076923076923 0.07692307692307693
0 0.2668269230769231 0.2764423076923077 0.08173076923076923 0.08413461538461539
0 0.1971153846153846 0.22596153846153846 0.06850961538461539 0.09495192307692307
0 0.1814903846153846 0.27283653846153844 0.07572115384615384 0.07572115384615384
0 0.10576923076923077 0.27524038461538464 0.06850961538461539 0.06490384615384616
0 0.040865384615384616 0.2824519230769231 0.08052884615384616 0.09975961538461539
0 0.1778846153846154 0.8076923076923077 0.10216346153846154 0.109375
0 0.08173076923076923 0.8137019230769231 0.05048076923076923 0.052884615384615384
0 0.12620192307692307 0.6141826923076923 0.027644230769230768 0.03125
0 0.0829326923076923 0.9435096153846154 0.11298076923076923 0.11177884615384616
0 0.6322115384615384 0.7367788461538461 0.07451923076923077 0.10336538461538461
0 0.9387019230769231 0.9074519230769231 0.07932692307692307 0.1346153846153846
1 0.020432692307692308 0.7692307692307693 0.040865384615384616 0.07451923076923077
1 0.18870192307692307 0.6646634615384616 0.09014423076923077 0.11538461538461539
1 0.02403846153846154 0.7007211538461539 0.046875 0.046875
1 0.02403846153846154 0.5841346153846154 0.04807692307692308 0.171875
1 0.025240384615384616 0.4182692307692308 0.046875 0.15264423076923078
1 0.1045673076923077 0.4423076923076923 0.10817307692307693 0.21875
1 0.21033653846153846 0.46153846153846156 0.09375 0.2824519230769231
1 0.3016826923076923 0.45072115384615385 0.08774038461538461 0.2608173076923077
1 0.39903846153846156 0.4579326923076923 0.09014423076923077 0.2764423076923077
1 0.5444711538461539 0.48197115384615385 0.20793269230769232 0.3076923076923077
1 0.8040865384615384 0.7439903846153846 0.17668269230769232 0.2644230769230769
1 0.9206730769230769 0.5588942307692307 0.15625 0.38100961538461536
1 0.6237980769230769 0.15865384615384615 0.10576923076923077 0.17427884615384615
1 0.7199519230769231 0.171875 0.06490384615384616 0.12139423076923077
0 0.5949519230769231 0.051682692307692304 0.03365384615384615 0.04326923076923077
0 0.7091346153846154 0.078125 0.04326923076923077 0.0625
0 0.7043269230769231 0.46153846153846156 0.051682692307692304 0.0673076923076923
0 0.9867788461538461 0.7752403846153846 0.026442307692307692 0.04927884615384615
0 0.3245192307692308 0.2403846153846154 0.07692307692307693 0.12139423076923077
