0 0.9543269230769231 0.8545673076923077 0.09014423076923077 0.19951923076923078
0 0.9519230769230769 0.6995192307692307 0.09615384615384616 0.11057692307692307
0 0.24759615384615385 0.7067307692307693 0.0985576923076923 0.13701923076923078
0 0.13942307692307693 0.7596153846153846 0.08774038461538461 0.08774038461538461
0 0.052884615384615384 0.7524038461538461 0.039663461538461536 0.04567307692307692
0 0.038461538461538464 0.9206730769230769 0.07692307692307693 0.15865384615384615
1 0.7884615384615384 0.7800480769230769 0.21514423076923078 0.3605769230769231
1 0.22235576923076922 0.5925480769230769 0.042067307692307696 0.04567307692307692
1 0.13701923076923078 0.5901442307692307 0.03365384615384615 0.037259615384615384
1 0.04567307692307692 0.5949519230769231 0.027644230769230768 0.03365384615384615
1 0.05048076923076923 0.3798076923076923 0.04927884615384615 0.07932692307692307
1 0.2620192307692308 0.08173076923076923 0.051682692307692304 0.11778846153846154
1 0.11298076923076923 0.27884615384615385 0.07692307692307693 0.12379807692307693
1 0.1201923076923077 0.16105769230769232 0.07572115384615384 0.09975961538461539
1 0.11538461538461539 0.057692307692307696 0.10576923076923077 0.10817307692307693
1 0.8966346153846154 0.3918269230769231 0.026442307692307692 0.051682692307692304
0 0.3449519230769231 0.5949519230769231 0.028846153846153848 0.046875
0 0.4423076923076923 0.609375 0.06129807692307692 0.04927884615384615
0 0.2608173076923077 0.29447115384615385 0.040865384615384616 0.08533653846153846
0 0.8497596153846154 0.037259615384615384 0.06009615384615385 0.07451923076923077
1 0.984375 0.6069711538461539 0.03125 0.055288461538461536
1 0.5612980769230769 0.6057692307692307 0.057692307692307696 0.06971153846153846
0 0.4411057692307692 0.39302884615384615 0.028846153846153848 0.04807692307692308
0 0.8569711538461539 0.3425480769230769 0.04447115384615385 0.078125
0 0.8557692307692307 0.39663461538461536 0.019230769230769232 0.03365384615384615
1 0.8521634615384616 0.28846153846153844 0.021634615384615384 0.028846153846153848
0 0.009615384615384616 0.35216346153846156 0.019230769230769232 0.08413461538461539
0 0.010817307692307692 0.421875 0.020432692307692308 0.051682692307692304
