1 0.5324519230769231 0.9423076923076923 0.06370192307692307 0.109375
1 0.7415865384615384 0.9447115384615384 0.0985576923076923 0.11057692307692307
1 0.19110576923076922 0.042067307692307696 0.07932692307692307 0.0829326923076923
1 0.9519230769230769 0.5612980769230769 0.09615384615384616 0.2668269230769231
0 0.8942307692307693 0.38822115384615385 0.12379807692307693 0.15144230769230768
0 0.9014423076923077 0.2776442307692308 0.12379807692307693 0.09014423076923077
0 0.8894230769230769 0.15144230769230768 0.12860576923076922 0.17908653846153846
0 0.42788461538461536 0.09254807692307693 0.15384615384615385 0.1502403846153846
0 0.3713942307692308 0.26322115384615385 0.07451923076923077 0.09375
0 0.2704326923076923 0.4855769230769231 0.12139423076923077 0.13341346153846154
0 0.31850961538461536 0.6009615384615384 0.11298076923076923 0.21754807692307693
0 0.24519230769230768 0.7728365384615384 0.09975961538461539 0.1141826923076923
0 0.3605769230769231 0.71875 0.09495192307692307 0.109375
0 0.5504807692307693 0.6682692307692307 0.140625 0.1658653846153846
0 0.6911057692307693 0.7067307692307693 0.13822115384615385 0.1814903846153846
