0 0.03365384615384615 0.4723557692307692 0.052884615384615384 0.06490384615384616
0 0.17067307692307693 0.29086538461538464 0.12379807692307693 0.15985576923076922
0 0.34375 0.3954326923076923 0.10817307692307693 0.14423076923076922
0 0.3245192307692308 0.5456730769230769 0.09134615384615384 0.1310096153846154
0 0.9819711538461539 0.6538461538461539 0.036057692307692304 0.14543269230769232
0 0.9915865384615384 0.11899038461538461 0.016826923076923076 0.04447115384615385
0 0.59375 0.14783653846153846 0.028846153846153848 0.055288461538461536
0 0.21754807692307693 0.0733173076923077 0.03485576923076923 0.0673076923076923
0 0.19591346153846154 0.10216346153846154 0.042067307692307696 0.054086538461538464
1 0.1814903846153846 0.45072115384615385 0.18629807692307693 0.25600961538461536
1 0.1346153846153846 0.6045673076923077 0.039663461538461536 0.04326923076923077
1 0.2608173076923077 0.6262019230769231 0.03125 0.051682692307692304
1 0.04807692307692308 0.5889423076923077 0.020432692307692308 0.03125
0 0.03365384615384615 0.04927884615384615 0.054086538461538464 0.06850961538461539
1 0.4579326923076923 0.1875 0.028846153846153848 0.05048076923076923
1 0.6766826923076923 0.04807692307692308 0.02283653846153846 0.052884615384615384
1 0.31490384615384615 0.8725961538461539 0.027644230769230768 0.056490384615384616
1 0.4807692307692308 0.5084134615384616 0.21153846153846154 0.31490384615384615
