1 0.8774038461538461 0.7668269230769231 0.12740384615384615 0.20793269230769232
1 0.8810096153846154 0.1310096153846154 0.23798076923076922 0.25961538461538464
1 0.25961538461538464 0.2776442307692308 0.04927884615384615 0.06971153846153846
1 0.15865384615384615 0.7283653846153846 0.09014423076923077 0.125
0 0.8942307692307693 0.9471153846153846 0.12860576923076922 0.1045673076923077
0 0.6225961538461539 0.4182692307692308 0.1502403846153846 0.19110576923076922
0 0.5 0.056490384615384616 0.11177884615384616 0.11298076923076923
0 0.47836538461538464 0.390625 0.08653846153846154 0.1310096153846154
0 0.4543269230769231 0.5588942307692307 0.10216346153846154 0.1141826923076923
0 0.4098557692307692 0.734375 0.140625 0.16947115384615385
0 0.07692307692307693 0.10576923076923077 0.15384615384615385 0.21153846153846154
0 0.21634615384615385 0.06009615384615385 0.12980769230769232 0.1201923076923077
