0 0.8822115384615384 0.6165865384615384 0.10216346153846154 0.13341346153846154
0 0.6875 0.6646634615384616 0.0985576923076923 0.16947115384615385
0 0.5600961538461539 0.6201923076923077 0.12860576923076922 0.16706730769230768
0 0.9399038461538461 0.7223557692307693 0.1201923076923077 0.17067307692307693
0 0.9783653846153846 0.5588942307692307 0.042067307692307696 0.11778846153846154
0 0.9591346153846154 0.8629807692307693 0.08173076923076923 0.14783653846153846
0 0.36538461538461536 0.9290865384615384 0.12620192307692307 0.140625
1 0.1045673076923077 0.8497596153846154 0.1346153846153846 0.1814903846153846
1 0.2668269230769231 0.8221153846153846 0.17427884615384615 0.25
1 0.06971153846153846 0.5889423076923077 0.06370192307692307 0.078125
1 0.20432692307692307 0.5925480769230769 0.03245192307692308 0.057692307692307696
1 0.15504807692307693 0.33774038461538464 0.08413461538461539 0.109375
1 0.515625 0.38100961538461536 0.08173076923076923 0.14182692307692307
1 0.7139423076923077 0.4014423076923077 0.057692307692307696 0.09735576923076923
0 0.5192307692307693 0.07932692307692307 0.10576923076923077 0.15865384615384615
0 0.051682692307692304 0.9411057692307693 0.10336538461538461 0.08774038461538461
0 0.8497596153846154 0.3870192307692308 0.05889423076923077 0.0733173076923077
0 0.6045673076923077 0.3918269230769231 0.04927884615384615 0.06610576923076923
0 0.2668269230769231 0.3737980769230769 0.08533653846153846 0.109375
0 0.05889423076923077 0.3485576923076923 0.08533653846153846 0.11538461538461539
0 0.7824519230769231 0.04326923076923077 0.06490384615384616 0.08653846153846154
