0 0.6286057692307693 0.7355769230769231 0.14783653846153846 0.21875
0 0.84375 0.22716346153846154 0.1045673076923077 0.21394230769230768
0 0.9519230769230769 0.2247596153846154 0.09615384615384616 0.21514423076923078
0 0.7956730769230769 0.046875 0.1045673076923077 0.09375
0 0.6454326923076923 0.046875 0.1045673076923077 0.09375
0 0.4855769230769231 0.17307692307692307 0.12379807692307693 0.14423076923076922
0 0.4963942307692308 0.36899038461538464 0.09254807692307693 0.15384615384615385
0 0.46634615384615385 0.03365384615384615 0.06850961538461539 0.0673076923076923
0 0.08052884615384616 0.38341346153846156 0.16105769230769232 0.2247596153846154
0 0.18028846153846154 0.35216346153846156 0.1310096153846154 0.13942307692307693
0 0.23798076923076922 0.27163461538461536 0.11057692307692307 0.1502403846153846
0 0.22596153846153846 0.125 0.16105769230769232 0.11177884615384616
0 0.4699519230769231 0.7199519230769231 0.0673076923076923 0.125
0 0.4519230769230769 0.8858173076923077 0.09975961538461539 0.14543269230769232
0 0.3870192307692308 0.9711538461538461 0.057692307692307696 0.057692307692307696
1 0.8774038461538461 0.453125 0.24519230769230768 0.21394230769230768
1 0.10336538461538461 0.06009615384615385 0.1201923076923077 0.1201923076923077
