0 0.08173076923076923 0.27403846153846156 0.1622596153846154 0.14543269230769232
0 0.21995192307692307 0.19831730769230768 0.15745192307692307 0.14182692307692307
0 0.06850961538461539 0.15264423076923078 0.12860576923076922 0.13942307692307693
0 0.22235576923076922 0.07091346153846154 0.17548076923076922 0.14182692307692307
0 0.5048076923076923 0.19831730769230768 0.11298076923076923 0.14783653846153846
0 0.4951923076923077 0.051682692307692304 0.0889423076923077 0.10336538461538461
0 0.4699519230769231 0.5504807692307693 0.056490384615384616 0.10336538461538461
0 0.6237980769230769 0.5841346153846154 0.13822115384615385 0.20793269230769232
0 0.4543269230769231 0.7271634615384616 0.09615384615384616 0.1201923076923077
0 0.4098557692307692 0.9074519230769231 0.13701923076923078 0.17307692307692307
0 0.8990384615384616 0.09495192307692307 0.20072115384615385 0.18870192307692307
1 0.8774038461538461 0.2920673076923077 0.24519230769230768 0.21514423076923078
1 0.8737980769230769 0.9182692307692307 0.13822115384615385 0.1622596153846154
1 0.15745192307692307 0.8990384615384616 0.09975961538461539 0.171875
1 0.2548076923076923 0.4230769230769231 0.042067307692307696 0.0733173076923077
