0 0.3798076923076923 0.7487980769230769 0.1201923076923077 0.18509615384615385
0 0.3605769230769231 0.6141826923076923 0.08173076923076923 0.13341346153846154
0 0.375 0.4891826923076923 0.109375 0.12980769230769232
0 0.5721153846153846 0.1971153846153846 0.11899038461538461 0.203125
0 0.6983173076923077 0.23197115384615385 0.11658653846153846 0.15745192307692307
0 0.07572115384615384 0.4963942307692308 0.13341346153846154 0.10576923076923077
0 0.8413461538461539 0.8401442307692307 0.15264423076923078 0.22115384615384615
0 0.8990384615384616 0.6478365384615384 0.0625 0.11538461538461539
0 0.96875 0.47475961538461536 0.0625 0.12139423076923077
0 0.9014423076923077 0.203125 0.11538461538461539 0.13581730769230768
0 0.9867788461538461 0.1346153846153846 0.026442307692307692 0.1346153846153846
0 0.7908653846153846 0.9543269230769231 0.1310096153846154 0.09134615384615384
1 0.12860576923076922 0.3762019230769231 0.14783653846153846 0.18389423076923078
1 0.30408653846153844 0.39783653846153844 0.16105769230769232 0.18509615384615385
1 0.2608173076923077 0.3125 0.14423076923076922 0.24759615384615385
1 0.21754807692307693 0.1778846153846154 0.04326923076923077 0.054086538461538464
1 0.39903846153846156 0.19591346153846154 0.036057692307692304 0.03365384615384615
1 0.07692307692307693 0.16105769230769232 0.05048076923076923 0.07932692307692307
1 0.9567307692307693 0.3161057692307692 0.08653846153846154 0.18990384615384615
1 0.5276442307692307 0.018028846153846152 0.07692307692307693 0.03485576923076923
