0 0.6790865384615384 0.21394230769230768 0.12860576923076922 0.27283653846153844
0 0.8100961538461539 0.23798076923076922 0.15504807692307693 0.20552884615384615
0 0.9338942307692307 0.22115384615384615 0.0985576923076923 0.171875
0 0.8004807692307693 0.4026442307692308 0.078125 0.12139423076923077
0 0.6478365384615384 0.8245192307692307 0.17908653846153846 0.23317307692307693
0 0.6033653846153846 0.38341346153846156 0.06370192307692307 0.09014423076923077
0 0.4338942307692308 0.48677884615384615 0.09134615384615384 0.11778846153846154
0 0.4543269230769231 0.6550480769230769 0.12620192307692307 0.19951923076923078
0 0.4495192307692308 0.8185096153846154 0.0889423076923077 0.109375
0 0.46875 0.9375 0.10096153846153846 0.125
0 0.7992788461538461 0.8545673076923077 0.11899038461538461 0.19831730769230768
0 0.9254807692307693 0.8822115384615384 0.14903846153846154 0.23557692307692307
0 0.8389423076923077 0.9807692307692307 0.06610576923076923 0.038461538461538464
0 0.9783653846153846 0.38822115384615385 0.042067307692307696 0.15144230769230768
1 0.8858173076923077 0.59375 0.2283653846153846 0.2704326923076923
1 0.9627403846153846 0.036057692307692304 0.07451923076923077 0.07211538461538461
1 0.8064903846153846 0.025240384615384616 0.051682692307692304 0.05048076923076923
1 0.6670673076923077 0.5420673076923077 0.22115384615384615 0.2668269230769231
0 0.5673076923076923 0.21875 0.12740384615384615 0.25
0 0.7139423076923077 0.35697115384615385 0.057692307692307696 0.07211538461538461
0 0.4519230769230769 0.32572115384615385 0.08653846153846154 0.09975961538461539
0 0.08173076923076923 0.036057692307692304 0.03485576923076923 0.04326923076923077
0 0.11298076923076923 0.025240384615384616 0.03245192307692308 0.038461538461538464
0 0.29447115384615385 0.22115384615384615 0.021634615384615384 0.03365384615384615
0 0.21394230769230768 0.9302884615384616 0.11538461538461539 0.13942307692307693
0 0.2091346153846154 0.6117788461538461 0.028846153846153848 0.0625
0 0.1778846153846154 0.6021634615384616 0.028846153846153848 0.05048076923076923
0 0.20552884615384615 0.5360576923076923 0.03125 0.04927884615384615
1 0.234375 0.2692307692307692 0.10216346153846154 0.1346153846153846
0 0.08413461538461539 0.7055288461538461 0.08052884615384616 0.06490384615384616
1 0.09134615384615384 0.828125 0.11658653846153846 0.1466346153846154
1 0.20072115384615385 0.8653846153846154 0.08774038461538461 0.125
0 0.013221153846153846 0.6911057692307693 0.026442307692307692 0.13822115384615385
