1 0.6526442307692307 0.2932692307692308 0.03485576923076923 0.078125
1 0.6478365384615384 0.0889423076923077 0.046875 0.11177884615384616
1 0.4387019230769231 0.3858173076923077 0.039663461538461536 0.08533653846153846
1 0.3798076923076923 0.4206730769230769 0.037259615384615384 0.057692307692307696
1 0.2920673076923077 0.4182692307692308 0.042067307692307696 0.07211538461538461
1 0.25240384615384615 0.3762019230769231 0.04807692307692308 0.07572115384615384
1 0.5144230769230769 0.2776442307692308 0.06129807692307692 0.13341346153846154
1 0.5192307692307693 0.14903846153846154 0.07091346153846154 0.11177884615384616
1 0.18389423076923078 0.8605769230769231 0.07091346153846154 0.09134615384615384
1 0.3112980769230769 0.9507211538461539 0.06009615384615385 0.07932692307692307
1 0.27403846153846156 0.7151442307692307 0.1141826923076923 0.21875
1 0.4387019230769231 0.6021634615384616 0.025240384615384616 0.04567307692307692
1 0.5288461538461539 0.5985576923076923 0.038461538461538464 0.037259615384615384
1 0.6165865384615384 0.5925480769230769 0.04326923076923077 0.042067307692307696
1 0.8401442307692307 0.6189903846153846 0.052884615384615384 0.06610576923076923
1 0.9579326923076923 0.6201923076923077 0.06370192307692307 0.07932692307692307
1 0.5240384615384616 0.051682692307692304 0.052884615384615384 0.09375
1 0.4723557692307692 0.09495192307692307 0.06490384615384616 0.09975961538461539
1 0.1346153846153846 0.7079326923076923 0.13942307692307693 0.16947115384615385
0 0.5444711538461539 0.7584134615384616 0.06490384615384616 0.109375
0 0.6490384615384616 0.7115384615384616 0.109375 0.15144230769230768
0 0.43149038461538464 0.9326923076923077 0.12259615384615384 0.1346153846153846
0 0.026442307692307692 0.7199519230769231 0.052884615384615384 0.18389423076923078
