0 0.3786057692307692 0.15985576923076922 0.078125 0.13341346153846154
0 0.28365384615384615 0.14543269230769232 0.10817307692307693 0.1875
0 0.6274038461538461 0.14903846153846154 0.10096153846153846 0.15144230769230768
0 0.9447115384615384 0.21634615384615385 0.11057692307692307 0.1346153846153846
0 0.7980769230769231 0.5649038461538461 0.12139423076923077 0.16947115384615385
0 0.9074519230769231 0.5793269230769231 0.11538461538461539 0.15144230769230768
0 0.7884615384615384 0.7307692307692307 0.08533653846153846 0.10216346153846154
0 0.7091346153846154 0.6766826923076923 0.04326923076923077 0.09375
0 0.6730769230769231 0.5661057692307693 0.14182692307692307 0.23076923076923078
0 0.5949519230769231 0.7115384615384616 0.0673076923076923 0.09134615384615384
0 0.4230769230769231 0.9134615384615384 0.12379807692307693 0.17307692307692307
0 0.42788461538461536 0.7956730769230769 0.08173076923076923 0.09735576923076923
1 0.6838942307692307 0.8461538461538461 0.21033653846153846 0.27283653846153844
1 0.8353365384615384 0.8689903846153846 0.09134615384615384 0.2620192307692308
1 0.9507211538461539 0.8762019230769231 0.0985576923076923 0.24639423076923078
0 0.9555288461538461 0.7043269230769231 0.0889423076923077 0.1201923076923077
0 0.9891826923076923 0.5709134615384616 0.021634615384615384 0.12980769230769232
1 0.5793269230769231 0.5516826923076923 0.140625 0.2439903846153846
1 0.8125 0.30528846153846156 0.07451923076923077 0.09735576923076923
1 0.40625 0.021634615384615384 0.0733173076923077 0.04326923076923077
1 0.23918269230769232 0.5733173076923077 0.09615384615384616 0.11538461538461539
1 0.19951923076923078 0.17548076923076922 0.051682692307692304 0.08533653846153846
0 0.23076923076923078 0.04807692307692308 0.06850961538461539 0.09495192307692307
0 0.15985576923076922 0.028846153846153848 0.054086538461538464 0.057692307692307696
