1 0.4026442307692308 0.11057692307692307 0.09975961538461539 0.1310096153846154
0 0.6153846153846154 0.6790865384615384 0.22716346153846154 0.28725961538461536
0 0.7944711538461539 0.6887019230769231 0.12860576923076922 0.15745192307692307
0 0.8966346153846154 0.7115384615384616 0.13341346153846154 0.21033653846153846
0 0.7884615384615384 0.8774038461538461 0.09254807692307693 0.10336538461538461
0 0.4519230769230769 0.7752403846153846 0.10096153846153846 0.15144230769230768
0 0.36899038461538464 0.2824519230769231 0.07572115384615384 0.09615384615384616
0 0.2776442307692308 0.2920673076923077 0.1141826923076923 0.16105769230769232
0 0.22956730769230768 0.09495192307692307 0.11057692307692307 0.08774038461538461
1 0.22956730769230768 0.6959134615384616 0.09254807692307693 0.13341346153846154
0 0.4495192307692308 0.9326923076923077 0.13942307692307693 0.1346153846153846
0 0.9459134615384616 0.3545673076923077 0.10817307692307693 0.171875
0 0.9663461538461539 0.4831730769230769 0.0673076923076923 0.12980769230769232
0 0.6274038461538461 0.2860576923076923 0.09134615384615384 0.14423076923076922
1 0.8100961538461539 0.4483173076923077 0.06850961538461539 0.10336538461538461
0 0.6911057692307693 0.3473557692307692 0.03485576923076923 0.06129807692307692
0 0.9783653846153846 0.9026442307692307 0.04326923076923077 0.19471153846153846
0 0.7103365384615384 0.8209134615384616 0.04807692307692308 0.06610576923076923
1 0.6658653846153846 0.9326923076923077 0.22355769230769232 0.1346153846153846
0 0.5961538461538461 0.8401442307692307 0.06490384615384616 0.08413461538461539
0 0.10817307692307693 0.38221153846153844 0.04447115384615385 0.039663461538461536
0 0.1935096153846154 0.36778846153846156 0.04567307692307692 0.04567307692307692
0 0.22115384615384615 0.15985576923076922 0.05048076923076923 0.09495192307692307
0 0.28725961538461536 0.17908653846153846 0.07932692307692307 0.08653846153846154
0 0.20432692307692307 0.25 0.04326923076923077 0.042067307692307696
0 0.09495192307692307 0.42908653846153844 0.06850961538461539 0.056490384615384616
1 0.19591346153846154 0.30649038461538464 0.056490384615384616 0.08653846153846154
0 0.10336538461538461 0.06850961538461539 0.07572115384615384 0.0733173076923077
0 0.17668269230769232 0.019230769230769232 0.11298076923076923 0.037259615384615384
0 0.16706730769230768 0.08533653846153846 0.042067307692307696 0.08413461538461539
0 0.9795673076923077 0.6959134615384616 0.040865384615384616 0.1466346153846154
1 0.9086538461538461 0.9254807692307693 0.11658653846153846 0.14783653846153846
1 0.8185096153846154 0.9675480769230769 0.07451923076923077 0.06490384615384616
