0 0.8846153846153846 0.47716346153846156 0.13822115384615385 0.23317307692307693
0 0.8894230769230769 0.6911057692307693 0.16346153846153846 0.10336538461538461
0 0.90625 0.6021634615384616 0.1658653846153846 0.07572115384615384
0 0.5649038461538461 0.9375 0.125 0.125
0 0.32211538461538464 0.9375 0.15504807692307693 0.125
0 0.27884615384615385 0.8088942307692307 0.140625 0.15144230769230768
0 0.41947115384615385 0.42788461538461536 0.14543269230769232 0.19591346153846154
0 0.36658653846153844 0.5913461538461539 0.06490384615384616 0.12379807692307693
0 0.45913461538461536 0.24639423076923078 0.08533653846153846 0.12379807692307693
0 0.484375 0.078125 0.06490384615384616 0.11778846153846154
0 0.6213942307692307 0.11538461538461539 0.140625 0.21875
0 0.6887019230769231 0.9411057692307693 0.0889423076923077 0.11658653846153846
1 0.9326923076923077 0.8798076923076923 0.1346153846153846 0.2403846153846154
1 0.1658653846153846 0.38341346153846156 0.07932692307692307 0.10576923076923077
1 0.2608173076923077 0.018028846153846152 0.04326923076923077 0.03485576923076923
0 0.06370192307692307 0.3389423076923077 0.06610576923076923 0.08413461538461539
