0 0.8581730769230769 0.10697115384615384 0.10216346153846154 0.16706730769230768
0 0.24158653846153846 0.8389423076923077 0.11658653846153846 0.14783653846153846
0 0.04326923076923077 0.8894230769230769 0.054086538461538464 0.0673076923076923
0 0.13221153846153846 0.8954326923076923 0.08533653846153846 0.1141826923076923
0 0.9579326923076923 0.8533653846153846 0.08413461538461539 0.125
1 0.8052884615384616 0.875 0.24519230769230768 0.25
1 0.25600961538461536 0.421875 0.04326923076923077 0.07572115384615384
1 0.25600961538461536 0.20072115384615385 0.054086538461538464 0.09975961538461539
1 0.046875 0.5048076923076923 0.051682692307692304 0.06971153846153846
1 0.9002403846153846 0.515625 0.02403846153846154 0.06009615384615385
1 0.10096153846153846 0.3918269230769231 0.07932692307692307 0.09014423076923077
1 0.0829326923076923 0.45913461538461536 0.046875 0.054086538461538464
1 0.1141826923076923 0.2932692307692308 0.06971153846153846 0.10576923076923077
1 0.11057692307692307 0.19110576923076922 0.10336538461538461 0.0985576923076923
1 0.11177884615384616 0.07091346153846154 0.1141826923076923 0.140625
1 0.2776442307692308 0.1201923076923077 0.036057692307692304 0.0625
0 0.3401442307692308 0.7283653846153846 0.030048076923076924 0.04567307692307692
0 0.43990384615384615 0.7475961538461539 0.051682692307692304 0.05889423076923077
0 0.006009615384615385 0.5516826923076923 0.010817307692307692 0.04326923076923077
