1 0.18028846153846154 0.84375 0.057692307692307696 0.06971153846153846
1 0.27524038461538464 0.8425480769230769 0.0673076923076923 0.06850961538461539
1 0.08413461538461539 0.6754807692307693 0.16826923076923078 0.34134615384615385
1 0.9555288461538461 0.7944711538461539 0.0889423076923077 0.25240384615384615
1 0.9206730769230769 0.9026442307692307 0.027644230769230768 0.040865384615384616
1 0.7115384615384616 0.8846153846153846 0.038461538461538464 0.037259615384615384
1 0.6225961538461539 0.8870192307692307 0.037259615384615384 0.05048076923076923
0 0.6021634615384616 0.7644230769230769 0.11899038461538461 0.16947115384615385
0 0.6959134615384616 0.7199519230769231 0.07451923076923077 0.12740384615384615
0 0.8112980769230769 0.5516826923076923 0.109375 0.15264423076923078
1 0.9206730769230769 0.5408653846153846 0.06129807692307692 0.09375
1 0.8052884615384616 0.2860576923076923 0.22716346153846154 0.30288461538461536
1 0.8040865384615384 0.08774038461538461 0.125 0.09495192307692307
0 0.16706730769230768 0.07692307692307693 0.10336538461538461 0.15384615384615385
1 0.055288461538461536 0.33413461538461536 0.04807692307692308 0.04326923076923077
1 0.27403846153846156 0.16826923076923078 0.02403846153846154 0.04927884615384615
0 0.9038461538461539 0.039663461538461536 0.06490384615384616 0.07932692307692307
1 0.6358173076923077 0.38100961538461536 0.052884615384615384 0.09014423076923077
