0 0.8545673076923077 0.11298076923076923 0.23317307692307693 0.21754807692307693
0 0.7091346153846154 0.20673076923076922 0.05889423076923077 0.0673076923076923
0 0.5528846153846154 0.09495192307692307 0.11057692307692307 0.18990384615384615
0 0.609375 0.23918269230769232 0.04326923076923077 0.10336538461538461
0 0.6298076923076923 0.6610576923076923 0.1310096153846154 0.21514423076923078
0 0.7211538461538461 0.6165865384615384 0.054086538461538464 0.13341346153846154
0 0.8112980769230769 0.6875 0.0889423076923077 0.171875
0 0.9326923076923077 0.7199519230769231 0.1346153846153846 0.24759615384615385
0 0.8257211538461539 0.9026442307692307 0.14182692307692307 0.1935096153846154
0 0.9519230769230769 0.9290865384615384 0.09615384615384616 0.13701923076923078
0 0.44350961538461536 0.3137019230769231 0.09975961538461539 0.10817307692307693
0 0.4495192307692308 0.4723557692307692 0.09975961538461539 0.18389423076923078
0 0.45552884615384615 0.6454326923076923 0.06370192307692307 0.13581730769230768
0 0.47836538461538464 0.8125 0.09254807692307693 0.15745192307692307
0 0.4855769230769231 0.9543269230769231 0.10096153846153846 0.09014423076923077
0 0.20432692307692307 0.8365384615384616 0.13581730769230768 0.20432692307692307
0 0.22716346153846154 0.9026442307692307 0.12740384615384615 0.19471153846153846
0 0.1201923076923077 0.9591346153846154 0.07692307692307693 0.08173076923076923
0 0.08052884615384616 0.5528846153846154 0.08533653846153846 0.0733173076923077
0 0.21153846153846154 0.4675480769230769 0.038461538461538464 0.051682692307692304
0 0.17668269230769232 0.46153846153846156 0.021634615384615384 0.04927884615384615
1 0.24759615384615385 0.11658653846153846 0.08173076923076923 0.1201923076923077
1 0.09254807692307693 0.6634615384615384 0.12139423076923077 0.1466346153846154
1 0.19951923076923078 0.6983173076923077 0.0985576923076923 0.1045673076923077
0 0.25841346153846156 0.7091346153846154 0.020432692307692308 0.054086538461538464
