0 0.14182692307692307 0.3425480769230769 0.11658653846153846 0.13701923076923078
0 0.22355769230769232 0.21514423076923078 0.10216346153846154 0.10216346153846154
0 0.23798076923076922 0.09735576923076923 0.0985576923076923 0.12980769230769232
1 0.7860576923076923 0.15745192307692307 0.15865384615384615 0.23557692307692307
1 0.8004807692307693 0.6105769230769231 0.23798076923076922 0.27884615384615385
1 0.9158653846153846 0.2920673076923077 0.06370192307692307 0.1201923076923077
1 0.6274038461538461 0.6838942307692307 0.06370192307692307 0.09375
1 0.2512019230769231 0.4254807692307692 0.027644230769230768 0.051682692307692304
1 0.02283653846153846 0.6009615384615384 0.04567307692307692 0.07211538461538461
0 0.7980769230769231 0.390625 0.125 0.1502403846153846
0 0.8112980769230769 0.8665865384615384 0.11899038461538461 0.17307692307692307
