0 0.07932692307692307 0.8641826923076923 0.08413461538461539 0.06971153846153846
0 0.6778846153846154 0.3641826923076923 0.1502403846153846 0.23557692307692307
0 0.8040865384615384 0.390625 0.1201923076923077 0.19591346153846154
0 0.9182692307692307 0.41466346153846156 0.11658653846153846 0.1778846153846154
0 0.7956730769230769 0.5661057692307693 0.0889423076923077 0.09975961538461539
0 0.7127403846153846 0.5216346153846154 0.042067307692307696 0.07572115384615384
0 0.5973557692307693 0.5552884615384616 0.06850961538461539 0.09615384615384616
0 0.43509615384615385 0.640625 0.08533653846153846 0.1141826923076923
0 0.44471153846153844 0.8076923076923077 0.13822115384615385 0.1935096153846154
0 0.6358173076923077 0.9387019230769231 0.17548076923076922 0.12259615384615384
0 0.8786057692307693 0.9399038461538461 0.21875 0.1201923076923077
0 0.9747596153846154 0.5504807692307693 0.05048076923076923 0.14423076923076922
0 0.6225961538461539 0.05889423076923077 0.0673076923076923 0.11778846153846154
0 0.37259615384615385 0.042067307692307696 0.0673076923076923 0.08413461538461539
0 0.28725961538461536 0.04807692307692308 0.07932692307692307 0.09495192307692307
0 0.4483173076923077 0.9627403846153846 0.08774038461538461 0.07451923076923077
1 0.6802884615384616 0.703125 0.17908653846153846 0.27163461538461536
1 0.9038461538461539 0.7127403846153846 0.18629807692307693 0.3016826923076923
1 0.5612980769230769 0.37740384615384615 0.12980769230769232 0.24158653846153846
1 0.45913461538461536 0.5612980769230769 0.057692307692307696 0.054086538461538464
1 0.23557692307692307 0.41466346153846156 0.109375 0.14543269230769232
1 0.19951923076923078 0.03125 0.056490384615384616 0.0625
1 0.8173076923076923 0.1466346153846154 0.0673076923076923 0.10817307692307693
1 0.9603365384615384 0.16826923076923078 0.078125 0.14423076923076922
1 0.9483173076923077 0.07932692307692307 0.10216346153846154 0.15865384615384615
1 0.08173076923076923 0.9507211538461539 0.12139423076923077 0.0985576923076923
