0 0.5889423076923077 0.07211538461538461 0.07692307692307693 0.11057692307692307
0 0.6334134615384616 0.020432692307692308 0.055288461538461536 0.040865384615384616
0 0.4675480769230769 0.31850961538461536 0.12980769230769232 0.18389423076923078
0 0.5204326923076923 0.3858173076923077 0.07692307692307693 0.078125
0 0.49278846153846156 0.4735576923076923 0.12980769230769232 0.10216346153846154
0 0.5769230769230769 0.5348557692307693 0.06009615384615385 0.13221153846153846
0 0.53125 0.5396634615384616 0.039663461538461536 0.10216346153846154
0 0.44711538461538464 0.5997596153846154 0.0985576923076923 0.14543269230769232
0 0.7824519230769231 0.484375 0.12379807692307693 0.15745192307692307
0 0.9146634615384616 0.5240384615384616 0.15745192307692307 0.1814903846153846
1 0.43990384615384615 0.9110576923076923 0.15865384615384615 0.1778846153846154
1 0.6009615384615384 0.7728365384615384 0.057692307692307696 0.06370192307692307
1 0.7319711538461539 0.7620192307692307 0.06009615384615385 0.07692307692307693
1 0.8449519230769231 0.7620192307692307 0.057692307692307696 0.07451923076923077
1 0.9375 0.7752403846153846 0.09254807692307693 0.13221153846153846
1 0.10576923076923077 0.6875 0.09014423076923077 0.15745192307692307
0 0.11899038461538461 0.5360576923076923 0.09615384615384616 0.09615384615384616
0 0.037259615384615384 0.5444711538461539 0.07211538461538461 0.078125
0 0.026442307692307692 0.6165865384615384 0.051682692307692304 0.078125
0 0.1935096153846154 0.7920673076923077 0.06129807692307692 0.0733173076923077
0 0.16826923076923078 0.9459134615384616 0.1045673076923077 0.10697115384615384
0 0.16346153846153846 0.8533653846153846 0.08774038461538461 0.09014423076923077
0 0.025240384615384616 0.37259615384615385 0.05048076923076923 0.08653846153846154
