0 0.09495192307692307 0.03245192307692308 0.07091346153846154 0.06490384615384616
0 0.6983173076923077 0.07451923076923077 0.10096153846153846 0.14903846153846154
0 0.5721153846153846 0.0889423076923077 0.1346153846153846 0.1778846153846154
0 0.0889423076923077 0.3485576923076923 0.13701923076923078 0.08413461538461539
0 0.375 0.3449519230769231 0.09615384615384616 0.09975961538461539
0 0.3737980769230769 0.45072115384615385 0.10576923076923077 0.09735576923076923
0 0.3894230769230769 0.6021634615384616 0.11538461538461539 0.16706730769230768
0 0.7944711538461539 0.8233173076923077 0.10817307692307693 0.11177884615384616
0 0.6129807692307693 0.9266826923076923 0.1201923076923077 0.1466346153846154
0 0.8425480769230769 0.6538461538461539 0.13822115384615385 0.21875
0 0.8978365384615384 0.48677884615384615 0.0673076923076923 0.09735576923076923
0 0.8978365384615384 0.06850961538461539 0.0985576923076923 0.13701923076923078
0 0.9639423076923077 0.3269230769230769 0.07091346153846154 0.09735576923076923
0 0.9783653846153846 0.24759615384615385 0.04326923076923077 0.0625
0 0.9182692307692307 0.21153846153846154 0.052884615384615384 0.09615384615384616
0 0.9627403846153846 0.1346153846153846 0.07451923076923077 0.14903846153846154
0 0.9783653846153846 0.026442307692307692 0.04326923076923077 0.052884615384615384
0 0.7620192307692307 0.9711538461538461 0.08173076923076923 0.057692307692307696
1 0.13701923076923078 0.21634615384615385 0.1346153846153846 0.18028846153846154
1 0.3293269230769231 0.24519230769230768 0.11778846153846154 0.15504807692307693
1 0.265625 0.08653846153846154 0.13822115384615385 0.15384615384615385
1 0.24158653846153846 0.24278846153846154 0.10096153846153846 0.19230769230769232
