1 0.36538461538461536 0.07451923076923077 0.06850961538461539 0.11778846153846154
1 0.6237980769230769 0.3088942307692308 0.11057692307692307 0.18990384615384615
1 0.9182692307692307 0.7427884615384616 0.16346153846153846 0.37259615384615385
1 0.8016826923076923 0.8954326923076923 0.19471153846153846 0.2091346153846154
1 0.546875 0.6418269230769231 0.17067307692307693 0.3016826923076923
1 0.4110576923076923 0.6069711538461539 0.09975961538461539 0.3112980769230769
1 0.1778846153846154 0.8257211538461539 0.078125 0.11177884615384616
1 0.27884615384615385 0.6177884615384616 0.140625 0.2848557692307692
1 0.07091346153846154 0.5853365384615384 0.14182692307692307 0.25721153846153844
1 0.17307692307692307 0.6117788461538461 0.0673076923076923 0.2848557692307692
1 0.18028846153846154 0.359375 0.0673076923076923 0.07211538461538461
1 0.9735576923076923 0.515625 0.052884615384615384 0.06971153846153846
0 0.7620192307692307 0.3858173076923077 0.0889423076923077 0.16346153846153846
0 0.6274038461538461 0.9002403846153846 0.08173076923076923 0.12740384615384615
0 0.16706730769230768 0.9591346153846154 0.09975961538461539 0.08173076923076923
0 0.07091346153846154 0.9723557692307693 0.04807692307692308 0.054086538461538464
0 0.11177884615384616 0.7596153846153846 0.02403846153846154 0.037259615384615384
0 0.03125 0.4170673076923077 0.0625 0.07572115384615384
0 0.078125 0.41947115384615385 0.06009615384615385 0.07572115384615384
0 0.16466346153846154 0.42908653846153844 0.08413461538461539 0.08413461538461539
0 0.25240384615384615 0.4206730769230769 0.0889423076923077 0.09615384615384616
0 0.3137019230769231 0.37740384615384615 0.0733173076923077 0.10817307692307693
0 0.4026442307692308 0.4170673076923077 0.07572115384615384 0.10336538461538461
0 0.9098557692307693 0.4639423076923077 0.07572115384615384 0.09014423076923077
0 0.5012019230769231 0.42788461538461536 0.09254807692307693 0.09375
