0 0.6502403846153846 0.8569711538461539 0.10096153846153846 0.15625
0 0.6538461538461539 0.41466346153846156 0.040865384615384616 0.07572115384615384
0 0.6550480769230769 0.20192307692307693 0.04326923076923077 0.09014423076923077
0 0.6490384615384616 0.1201923076923077 0.04326923076923077 0.06610576923076923
1 0.515625 0.06370192307692307 0.06129807692307692 0.11057692307692307
1 0.46153846153846156 0.11177884615384616 0.04807692307692308 0.08173076923076923
0 0.06009615384615385 0.49158653846153844 0.054086538461538464 0.06971153846153846
1 0.12740384615384615 0.8677884615384616 0.13581730769230768 0.21754807692307693
0 0.5420673076923077 0.9014423076923077 0.056490384615384616 0.09735576923076923
1 0.265625 0.8665865384615384 0.13942307692307693 0.25240384615384615
1 0.22115384615384615 0.7259615384615384 0.03125 0.03245192307692308
1 0.3293269230769231 0.7283653846153846 0.02403846153846154 0.03365384615384615
1 0.6141826923076923 0.7319711538461539 0.03365384615384615 0.037259615384615384
1 0.5228365384615384 0.7319711538461539 0.02283653846153846 0.039663461538461536
1 0.4387019230769231 0.5036057692307693 0.055288461538461536 0.056490384615384616
1 0.4735576923076923 0.4567307692307692 0.055288461538461536 0.05048076923076923
1 0.5132211538461539 0.40625 0.06610576923076923 0.12379807692307693
1 0.515625 0.28846153846153844 0.0625 0.10576923076923077
1 0.5216346153846154 0.17668269230769232 0.054086538461538464 0.10216346153846154
1 0.47115384615384615 0.21875 0.056490384615384616 0.0829326923076923
1 0.9002403846153846 0.4795673076923077 0.04927884615384615 0.06129807692307692
1 0.8185096153846154 0.47475961538461536 0.042067307692307696 0.046875
0 0.4483173076923077 0.9002403846153846 0.037259615384615384 0.06370192307692307
0 0.025240384615384616 0.859375 0.05048076923076923 0.18028846153846154
0 0.010817307692307692 0.46274038461538464 0.021634615384615384 0.06129807692307692
1 0.375 0.5552884615384616 0.055288461538461536 0.055288461538461536
1 0.28966346153846156 0.5516826923076923 0.039663461538461536 0.056490384615384616
1 0.1875 0.5516826923076923 0.04927884615384615 0.042067307692307696
