1 0.9230769230769231 0.6911057692307693 0.06370192307692307 0.09615384615384616
1 0.7896634615384616 0.4519230769230769 0.2091346153846154 0.3112980769230769
1 0.7752403846153846 0.07211538461538461 0.1466346153846154 0.14423076923076922
1 0.0733173076923077 0.8377403846153846 0.14302884615384615 0.3245192307692308
1 0.9627403846153846 0.9122596153846154 0.07451923076923077 0.17548076923076922
1 0.6262019230769231 0.53125 0.054086538461538464 0.0733173076923077
1 0.2620192307692308 0.2980769230769231 0.03245192307692308 0.04326923076923077
1 0.038461538461538464 0.4651442307692308 0.04807692307692308 0.057692307692307696
0 0.5949519230769231 0.921875 0.109375 0.15625
0 0.6947115384615384 0.8798076923076923 0.07692307692307693 0.1141826923076923
0 0.8076923076923077 0.7043269230769231 0.11658653846153846 0.15745192307692307
0 0.7980769230769231 0.24158653846153846 0.12139423076923077 0.12139423076923077
0 0.9098557692307693 0.15144230769230768 0.06850961538461539 0.09375
0 0.14543269230769232 0.19831730769230768 0.109375 0.13341346153846154
0 0.23798076923076922 0.10576923076923077 0.08173076923076923 0.12980769230769232
