0 0.9411057692307693 0.9086538461538461 0.09975961538461539 0.15384615384615385
0 0.8497596153846154 0.9014423076923077 0.06129807692307692 0.0733173076923077
0 0.6009615384615384 0.9122596153846154 0.052884615384615384 0.07451923076923077
0 0.9146634615384616 0.6670673076923077 0.15625 0.1875
0 0.7740384615384616 0.6358173076923077 0.125 0.17548076923076922
0 0.5637019230769231 0.6730769230769231 0.10216346153846154 0.14182692307692307
0 0.44591346153846156 0.7391826923076923 0.08774038461538461 0.14783653846153846
0 0.49038461538461536 0.6081730769230769 0.10697115384615384 0.10817307692307693
0 0.5276442307692307 0.5240384615384616 0.06370192307692307 0.08774038461538461
0 0.46274038461538464 0.45913461538461536 0.14543269230769232 0.15865384615384615
0 0.5841346153846154 0.22355769230769232 0.0829326923076923 0.1201923076923077
0 0.6346153846153846 0.078125 0.14783653846153846 0.15625
0 0.16947115384615385 0.9459134615384616 0.09495192307692307 0.10697115384615384
0 0.23677884615384615 0.9615384615384616 0.05048076923076923 0.07692307692307693
0 0.07211538461538461 0.828125 0.14423076923076922 0.17067307692307693
0 0.10817307692307693 0.6754807692307693 0.09254807692307693 0.12379807692307693
0 0.027644230769230768 0.6959134615384616 0.055288461538461536 0.11177884615384616
0 0.08533653846153846 0.6021634615384616 0.0985576923076923 0.08173076923076923
0 0.015625 0.5300480769230769 0.03125 0.12259615384615384
0 0.16947115384615385 0.36778846153846156 0.0733173076923077 0.04447115384615385
0 0.3918269230769231 0.078125 0.0829326923076923 0.08774038461538461
