0 0.16706730769230768 0.9567307692307693 0.09735576923076923 0.08653846153846154
0 0.6129807692307693 0.9771634615384616 0.0673076923076923 0.04567307692307692
0 0.10096153846153846 0.8954326923076923 0.028846153846153848 0.03125
0 0.020432692307692308 0.5528846153846154 0.039663461538461536 0.09975961538461539
0 0.05889423076923077 0.5504807692307693 0.057692307692307696 0.08173076923076923
0 0.10817307692307693 0.5372596153846154 0.046875 0.07211538461538461
0 0.15504807692307693 0.5504807692307693 0.07091346153846154 0.09134615384615384
0 0.23557692307692307 0.5288461538461539 0.08173076923076923 0.09975961538461539
0 0.30528846153846156 0.5036057692307693 0.0733173076923077 0.1201923076923077
0 0.4014423076923077 0.5480769230769231 0.0889423076923077 0.08533653846153846
1 0.6201923076923077 0.4182692307692308 0.11658653846153846 0.15384615384615385
0 0.9110576923076923 0.5865384615384616 0.078125 0.06009615384615385
0 0.7692307692307693 0.5204326923076923 0.08774038461538461 0.1658653846153846
0 0.4951923076923077 0.5600961538461539 0.08533653846153846 0.11298076923076923
1 0.6189903846153846 0.27163461538461536 0.07211538461538461 0.12860576923076922
1 0.6153846153846154 0.12740384615384615 0.08653846153846154 0.13221153846153846
0 0.5889423076923077 0.18028846153846154 0.025240384615384616 0.04807692307692308
0 0.578125 0.3269230769230769 0.02403846153846154 0.03365384615384615
0 0.7475961538461539 0.02283653846153846 0.04326923076923077 0.04567307692307692
0 0.6947115384615384 0.7331730769230769 0.051682692307692304 0.06490384615384616
1 0.7872596153846154 0.96875 0.16105769230769232 0.06129807692307692
1 0.8978365384615384 0.8509615384615384 0.12379807692307693 0.2980769230769231
1 0.7175480769230769 0.43990384615384615 0.07211538461538461 0.11778846153846154
1 0.3641826923076923 0.18389423076923078 0.06370192307692307 0.11538461538461539
1 0.008413461538461538 0.8846153846153846 0.016826923076923076 0.1310096153846154
1 0.009615384615384616 0.7043269230769231 0.019230769230769232 0.1502403846153846
1 0.078125 0.7235576923076923 0.11177884615384616 0.25
1 0.5552884615384616 0.7740384615384616 0.15745192307692307 0.3076923076923077
1 0.42788461538461536 0.7980769230769231 0.08653846153846154 0.23557692307692307
1 0.4206730769230769 0.6298076923076923 0.10216346153846154 0.08533653846153846
1 0.2127403846153846 0.7295673076923077 0.14423076923076922 0.25600961538461536
1 0.33413461538461536 0.7403846153846154 0.09615384615384616 0.31009615384615385
0 0.1778846153846154 0.8822115384615384 0.08533653846153846 0.055288461538461536
0 0.7127403846153846 0.3269230769230769 0.06971153846153846 0.09975961538461539
