0 0.48197115384615385 0.8413461538461539 0.09975961538461539 0.15625
0 0.4807692307692308 0.6526442307692307 0.12139423076923077 0.15384615384615385
0 0.4543269230769231 0.47836538461538464 0.07692307692307693 0.10817307692307693
0 0.46033653846153844 0.31971153846153844 0.11177884615384616 0.1971153846153846
0 0.44591346153846156 0.15144230769230768 0.09134615384615384 0.14423076923076922
0 0.6586538461538461 0.47836538461538464 0.17908653846153846 0.19230769230769232
0 0.8137019230769231 0.5228365384615384 0.0889423076923077 0.17307692307692307
0 0.8377403846153846 0.75 0.12740384615384615 0.24158653846153846
0 0.9579326923076923 0.7548076923076923 0.08413461538461539 0.23317307692307693
0 0.9326923076923077 0.5360576923076923 0.1346153846153846 0.23918269230769232
0 0.20072115384615385 0.6802884615384616 0.14423076923076922 0.20552884615384615
0 0.22115384615384615 0.7572115384615384 0.14423076923076922 0.19110576923076922
0 0.0829326923076923 0.8269230769230769 0.1658653846153846 0.22355769230769232
0 0.14903846153846154 0.8894230769230769 0.21995192307692307 0.1658653846153846
1 0.09495192307692307 0.5024038461538461 0.12740384615384615 0.15144230769230768
1 0.6899038461538461 0.22235576923076922 0.2127403846153846 0.27524038461538464
1 0.8137019230769231 0.9146634615384616 0.15384615384615385 0.17067307692307693
1 0.9579326923076923 0.9170673076923077 0.08413461538461539 0.15144230769230768
1 0.20432692307692307 0.5372596153846154 0.0889423076923077 0.10576923076923077
0 0.6117788461538461 0.06370192307692307 0.06490384615384616 0.0673076923076923
0 0.71875 0.036057692307692304 0.06129807692307692 0.046875
0 0.8305288461538461 0.02283653846153846 0.18389423076923078 0.04567307692307692
1 0.9074519230769231 0.19110576923076922 0.18509615384615385 0.38221153846153844
0 0.09134615384615384 0.39302884615384615 0.09134615384615384 0.06370192307692307
0 0.1814903846153846 0.30649038461538464 0.03125 0.052884615384615384
0 0.21634615384615385 0.3137019230769231 0.03365384615384615 0.0673076923076923
0 0.019230769230769232 0.36899038461538464 0.037259615384615384 0.06129807692307692
0 0.021634615384615384 0.4254807692307692 0.042067307692307696 0.0625
0 0.22115384615384615 0.1201923076923077 0.026442307692307692 0.046875
0 0.4699519230769231 0.06490384615384616 0.04326923076923077 0.056490384615384616
0 0.5649038461538461 0.015625 0.0673076923076923 0.03125
