0 0.6177884615384616 0.8894230769230769 0.15985576923076922 0.17908653846153846
0 0.4723557692307692 0.8629807692307693 0.07572115384615384 0.15625
0 0.49278846153846156 0.5132211538461539 0.11177884615384616 0.15745192307692307
0 0.4891826923076923 0.3389423076923077 0.10096153846153846 0.15745192307692307
0 0.4723557692307692 0.16466346153846154 0.0985576923076923 0.13942307692307693
0 0.6454326923076923 0.14543269230769232 0.12259615384615384 0.23798076923076922
0 0.8173076923076923 0.16466346153846154 0.07692307692307693 0.14423076923076922
0 0.9170673076923077 0.15985576923076922 0.1658653846153846 0.21394230769230768
0 0.8954326923076923 0.40625 0.20793269230769232 0.21995192307692307
1 0.8737980769230769 0.6189903846153846 0.25240384615384615 0.20552884615384615
0 0.22716346153846154 0.32091346153846156 0.13701923076923078 0.12980769230769232
0 0.08413461538461539 0.5901442307692307 0.16706730769230768 0.15144230769230768
0 0.16947115384615385 0.5432692307692307 0.1045673076923077 0.1141826923076923
0 0.23197115384615385 0.4795673076923077 0.09735576923076923 0.14423076923076922
0 0.24879807692307693 0.4098557692307692 0.13341346153846154 0.08533653846153846
0 0.06129807692307692 0.4855769230769231 0.11057692307692307 0.09014423076923077
0 0.1466346153846154 0.4338942307692308 0.07692307692307693 0.11177884615384616
1 0.10336538461538461 0.16466346153846154 0.13822115384615385 0.22716346153846154
1 0.25240384615384615 0.7223557692307693 0.04326923076923077 0.0829326923076923
