0 0.6502403846153846 0.3004807692307692 0.13341346153846154 0.20793269230769232
0 0.5036057692307693 0.6899038461538461 0.12620192307692307 0.12740384615384615
0 0.4807692307692308 0.5132211538461539 0.125 0.125
0 0.4795673076923077 0.3329326923076923 0.08413461538461539 0.14182692307692307
0 0.47115384615384615 0.14903846153846154 0.125 0.19110576923076922
0 0.8233173076923077 0.3449519230769231 0.08173076923076923 0.1778846153846154
0 0.8461538461538461 0.5793269230769231 0.12980769230769232 0.20552884615384615
0 0.9615384615384616 0.5985576923076923 0.07692307692307693 0.20552884615384615
0 0.9411057692307693 0.3629807692307692 0.11658653846153846 0.19591346153846154
0 0.1875 0.5324519230769231 0.16706730769230768 0.23557692307692307
0 0.22956730769230768 0.5997596153846154 0.16466346153846154 0.1875
0 0.18990384615384615 0.7067307692307693 0.1502403846153846 0.057692307692307696
0 0.07211538461538461 0.7259615384615384 0.14423076923076922 0.16346153846153846
1 0.11177884615384616 0.3389423076923077 0.13581730769230768 0.16947115384615385
1 0.6586538461538461 0.0889423076923077 0.1971153846153846 0.1778846153846154
1 0.8918269230769231 0.09495192307692307 0.21634615384615385 0.18990384615384615
1 0.8677884615384616 0.7644230769230769 0.26322115384615385 0.21754807692307693
1 0.6334134615384616 0.9651442307692307 0.140625 0.06850961538461539
1 0.25 0.8786057692307693 0.04807692307692308 0.07932692307692307
0 0.21754807692307693 0.16947115384615385 0.036057692307692304 0.057692307692307696
0 0.18509615384615385 0.16346153846153846 0.027644230769230768 0.04807692307692308
