1 0.10576923076923077 0.1201923076923077 0.051682692307692304 0.06971153846153846
1 0.9639423076923077 0.09254807692307693 0.07211538461538461 0.18509615384615385
1 0.2824519230769231 0.6766826923076923 0.1622596153846154 0.18990384615384615
1 0.12980769230769232 0.7079326923076923 0.17307692307692307 0.15625
1 0.15625 0.2127403846153846 0.08653846153846154 0.09975961538461539
1 0.5276442307692307 0.24519230769230768 0.09735576923076923 0.13701923076923078
1 0.7283653846153846 0.25841346153846156 0.06370192307692307 0.09975961538461539
0 0.9783653846153846 0.4326923076923077 0.04326923076923077 0.11538461538461539
0 0.8858173076923077 0.48197115384615385 0.0889423076923077 0.1201923076923077
0 0.953125 0.5901442307692307 0.06850961538461539 0.16346153846153846
0 0.9639423076923077 0.7427884615384616 0.07211538461538461 0.1778846153846154
0 0.8870192307692307 0.9507211538461539 0.09014423076923077 0.0985576923076923
0 0.6862980769230769 0.5336538461538461 0.10576923076923077 0.171875
0 0.5612980769230769 0.48197115384615385 0.12379807692307693 0.20793269230769232
0 0.36778846153846156 0.8004807692307693 0.09735576923076923 0.16947115384615385
0 0.35697115384615385 0.9483173076923077 0.12139423076923077 0.10336538461538461
0 0.0625 0.7824519230769231 0.125 0.078125
0 0.27163461538461536 0.21754807692307693 0.09254807692307693 0.09014423076923077
0 0.057692307692307696 0.21153846153846154 0.0889423076923077 0.11778846153846154
0 0.07091346153846154 0.4495192307692308 0.06009615384615385 0.06610576923076923
1 0.21033653846153846 0.4639423076923077 0.04567307692307692 0.06009615384615385
0 0.02283653846153846 0.9038461538461539 0.04567307692307692 0.1778846153846154
