0 0.38341346153846156 0.44591346153846156 0.13341346153846154 0.17548076923076922
0 0.3737980769230769 0.3137019230769231 0.10096153846153846 0.12980769230769232
0 0.38100961538461536 0.19471153846153846 0.10216346153846154 0.09134615384615384
0 0.09134615384615384 0.20432692307692307 0.13581730769230768 0.1310096153846154
0 0.640625 0.8076923076923077 0.15144230769230768 0.2091346153846154
0 0.7872596153846154 0.6814903846153846 0.10096153846153846 0.1201923076923077
0 0.8449519230769231 0.4963942307692308 0.16105769230769232 0.15384615384615385
0 0.8954326923076923 0.3329326923076923 0.0733173076923077 0.09014423076923077
0 0.9615384615384616 0.17307692307692307 0.07572115384615384 0.09975961538461539
0 0.9158653846153846 0.06129807692307692 0.038461538461538464 0.10817307692307693
0 0.9591346153846154 0.056490384615384616 0.08173076923076923 0.11298076923076923
1 0.296875 0.09735576923076923 0.10576923076923077 0.19471153846153846
1 0.14182692307692307 0.10576923076923077 0.14543269230769232 0.21033653846153846
1 0.21875 0.07692307692307693 0.07091346153846154 0.15264423076923078
1 0.046875 0.3545673076923077 0.09375 0.15625
1 0.35096153846153844 0.9651442307692307 0.16466346153846154 0.06850961538461539
1 0.9795673076923077 0.9483173076923077 0.039663461538461536 0.08173076923076923
0 0.7728365384615384 0.8629807692307693 0.08533653846153846 0.13581730769230768
