0 0.828125 0.06370192307692307 0.10576923076923077 0.12740384615384615
1 0.6730769230769231 0.14783653846153846 0.12259615384615384 0.125
1 0.6262019230769231 0.3161057692307692 0.13581730769230768 0.18509615384615385
0 0.7596153846153846 0.8918269230769231 0.17067307692307693 0.2091346153846154
0 0.9038461538461539 0.9146634615384616 0.13942307692307693 0.17067307692307693
0 0.4579326923076923 0.7211538461538461 0.12620192307692307 0.14423076923076922
0 0.5204326923076923 0.8365384615384616 0.09254807692307693 0.19951923076923078
0 0.5588942307692307 0.9290865384615384 0.109375 0.140625
0 0.43509615384615385 0.9699519230769231 0.10216346153846154 0.05889423076923077
0 0.390625 0.3581730769230769 0.10216346153846154 0.06009615384615385
1 0.3858173076923077 0.27524038461538464 0.10216346153846154 0.09014423076923077
0 0.5757211538461539 0.49278846153846156 0.07692307692307693 0.10576923076923077
