0 0.35697115384615385 0.17908653846153846 0.03125 0.038461538461538464
0 0.4495192307692308 0.1875 0.056490384615384616 0.05048076923076923
0 0.9362980769230769 0.21995192307692307 0.12740384615384615 0.12379807692307693
0 0.9326923076923077 0.38341346153846156 0.1346153846153846 0.2091346153846154
0 0.7211538461538461 0.9447115384615384 0.09134615384615384 0.11057692307692307
0 0.6862980769230769 0.7548076923076923 0.037259615384615384 0.051682692307692304
0 0.052884615384615384 0.9074519230769231 0.1045673076923077 0.15144230769230768
0 0.051682692307692304 0.45913461538461536 0.10216346153846154 0.1502403846153846
0 0.1658653846153846 0.3088942307692308 0.06971153846153846 0.09975961538461539
0 0.08052884615384616 0.30288461538461536 0.037259615384615384 0.04447115384615385
0 0.25721153846153844 0.26322115384615385 0.09615384615384616 0.1466346153846154
0 0.027644230769230768 0.018028846153846152 0.04807692307692308 0.036057692307692304
1 0.7704326923076923 0.3016826923076923 0.2091346153846154 0.3173076923076923
1 0.5612980769230769 0.1875 0.054086538461538464 0.0889423076923077
1 0.16346153846153846 0.17307692307692307 0.030048076923076924 0.025240384615384616
1 0.21033653846153846 0.6262019230769231 0.057692307692307696 0.07451923076923077
1 0.06490384615384616 0.6790865384615384 0.12980769230769232 0.2764423076923077
1 0.609375 0.8882211538461539 0.026442307692307692 0.04326923076923077
1 0.8317307692307693 0.6814903846153846 0.03365384615384615 0.042067307692307696
