0 0.24158653846153846 0.5588942307692307 0.09254807692307693 0.16105769230769232
0 0.14903846153846154 0.5925480769230769 0.08413461538461539 0.08533653846153846
0 0.0625 0.5901442307692307 0.037259615384615384 0.042067307692307696
0 0.04567307692307692 0.7620192307692307 0.08173076923076923 0.17307692307692307
0 0.9399038461538461 0.6959134615384616 0.1201923076923077 0.19591346153846154
0 0.9519230769230769 0.5372596153846154 0.09615384615384616 0.10216346153846154
0 0.016826923076923076 0.20673076923076922 0.03365384615384615 0.08413461538461539
1 0.8509615384615384 0.9759615384615384 0.051682692307692304 0.046875
1 0.7752403846153846 0.6165865384615384 0.20793269230769232 0.3293269230769231
1 0.19471153846153846 0.9423076923076923 0.0673076923076923 0.09975961538461539
1 0.055288461538461536 0.9387019230769231 0.11057692307692307 0.12259615384615384
1 0.0673076923076923 0.22956730769230768 0.054086538461538464 0.06610576923076923
1 0.8918269230769231 0.2548076923076923 0.02283653846153846 0.051682692307692304
1 0.5588942307692307 0.45913461538461536 0.0625 0.08052884615384616
1 0.23197115384615385 0.44471153846153844 0.03365384615384615 0.038461538461538464
1 0.12740384615384615 0.12980769230769232 0.06370192307692307 0.09975961538461539
1 0.1045673076923077 0.1935096153846154 0.046875 0.06009615384615385
1 0.1310096153846154 0.039663461538461536 0.06850961538461539 0.078125
0 0.27163461538461536 0.1466346153846154 0.039663461538461536 0.07211538461538461
0 0.44471153846153844 0.2536057692307692 0.025240384615384616 0.04567307692307692
0 0.35216346153846156 0.4483173076923077 0.030048076923076924 0.046875
0 0.44711538461538464 0.46153846153846156 0.04807692307692308 0.04807692307692308
0 0.6502403846153846 0.4567307692307692 0.04807692307692308 0.06370192307692307
0 0.9807692307692307 0.46153846153846156 0.038461538461538464 0.04447115384615385
