0 0.05889423076923077 0.8425480769230769 0.11658653846153846 0.203125
0 0.34134615384615385 0.8365384615384616 0.08533653846153846 0.125
0 0.5336538461538461 0.9230769230769231 0.07572115384615384 0.125
0 0.5961538461538461 0.8942307692307693 0.07692307692307693 0.12379807692307693
0 0.6959134615384616 0.8882211538461539 0.07091346153846154 0.1310096153846154
0 0.6754807692307693 0.9447115384615384 0.07091346153846154 0.10216346153846154
0 0.7740384615384616 0.9134615384615384 0.08413461538461539 0.12740384615384615
0 0.8617788461538461 0.90625 0.09014423076923077 0.13942307692307693
0 0.7512019230769231 0.18629807692307693 0.0889423076923077 0.1658653846153846
0 0.6730769230769231 0.3317307692307692 0.0733173076923077 0.11538461538461539
0 0.6586538461538461 0.46634615384615385 0.07572115384615384 0.09014423076923077
0 0.25 0.3629807692307692 0.06370192307692307 0.08774038461538461
0 0.15384615384615385 0.08774038461538461 0.08774038461538461 0.09975961538461539
0 0.7740384615384616 0.35216346153846156 0.042067307692307696 0.06610576923076923
0 0.7439903846153846 0.5336538461538461 0.025240384615384616 0.037259615384615384
0 0.9591346153846154 0.9254807692307693 0.078125 0.0733173076923077
1 0.8629807692307693 0.036057692307692304 0.036057692307692304 0.07211538461538461
1 0.6502403846153846 0.16706730769230768 0.03485576923076923 0.054086538461538464
1 0.90625 0.47716346153846156 0.1875 0.43990384615384615
1 0.9447115384615384 0.7848557692307693 0.0985576923076923 0.17548076923076922
1 0.09735576923076923 0.3269230769230769 0.1814903846153846 0.23798076923076922
1 0.28966346153846156 0.6334134615384616 0.15264423076923078 0.2848557692307692
1 0.4362980769230769 0.6586538461538461 0.14903846153846154 0.28365384615384615
1 0.5961538461538461 0.6670673076923077 0.15745192307692307 0.28365384615384615
1 0.7848557692307693 0.6959134615384616 0.21514423076923078 0.2692307692307692
0 0.4338942307692308 0.8605769230769231 0.08533653846153846 0.09134615384615384
