0 0.036057692307692304 0.07091346153846154 0.07211538461538461 0.14182692307692307
0 0.10336538461538461 0.04567307692307692 0.0889423076923077 0.09014423076923077
0 0.2704326923076923 0.07692307692307693 0.055288461538461536 0.14182692307692307
0 0.24639423076923078 0.15384615384615385 0.036057692307692304 0.1201923076923077
0 0.30408653846153844 0.20552884615384615 0.06490384615384616 0.10216346153846154
0 0.30649038461538464 0.296875 0.04927884615384615 0.06129807692307692
0 0.11778846153846154 0.8028846153846154 0.0733173076923077 0.08052884615384616
0 0.10216346153846154 0.6358173076923077 0.07692307692307693 0.0829326923076923
0 0.40384615384615385 0.703125 0.028846153846153848 0.10336538461538461
0 0.039663461538461536 0.19110576923076922 0.06009615384615385 0.10216346153846154
0 0.6574519230769231 0.3762019230769231 0.057692307692307696 0.09735576923076923
1 0.8725961538461539 0.90625 0.12740384615384615 0.1875
1 0.9519230769230769 0.6370192307692307 0.055288461538461536 0.1466346153846154
1 0.5913461538461539 0.22716346153846154 0.0625 0.11057692307692307
1 0.5733173076923077 0.12740384615384615 0.0733173076923077 0.1201923076923077
1 0.5348557692307693 0.07932692307692307 0.046875 0.14182692307692307
1 0.7331730769230769 0.9399038461538461 0.1466346153846154 0.11899038461538461
1 0.27163461538461536 0.7944711538461539 0.1346153846153846 0.1875
1 0.4050480769230769 0.5853365384615384 0.11177884615384616 0.13221153846153846
1 0.34134615384615385 0.453125 0.09615384615384616 0.20793269230769232
0 0.28365384615384615 0.36899038461538464 0.05889423076923077 0.11057692307692307
1 0.4170673076923077 0.4579326923076923 0.05889423076923077 0.13701923076923078
1 0.22956730769230768 0.6177884615384616 0.14783653846153846 0.17067307692307693
1 0.12620192307692307 0.4699519230769231 0.11538461538461539 0.12980769230769232
1 0.06850961538461539 0.32211538461538464 0.0889423076923077 0.11899038461538461
1 0.1141826923076923 0.1814903846153846 0.07692307692307693 0.11899038461538461
