0 0.0985576923076923 0.640625 0.06490384615384616 0.09254807692307693
0 0.11658653846153846 0.8100961538461539 0.0673076923076923 0.09254807692307693
0 0.039663461538461536 0.19591346153846154 0.06129807692307692 0.10216346153846154
0 0.04567307692307692 0.06610576923076923 0.09134615384615384 0.1310096153846154
0 0.10817307692307693 0.055288461538461536 0.09375 0.11057692307692307
0 0.3076923076923077 0.2127403846153846 0.06129807692307692 0.09254807692307693
0 0.3137019230769231 0.28725961538461536 0.057692307692307696 0.08052884615384616
1 0.8725961538461539 0.9038461538461539 0.11778846153846154 0.19230769230769232
1 0.734375 0.9182692307692307 0.1466346153846154 0.16346153846153846
1 0.9567307692307693 0.6442307692307693 0.057692307692307696 0.17548076923076922
1 0.5997596153846154 0.23918269230769232 0.07932692307692307 0.1201923076923077
1 0.6790865384615384 0.046875 0.09375 0.09375
1 0.5865384615384616 0.11899038461538461 0.06490384615384616 0.11899038461538461
1 0.5396634615384616 0.0889423076923077 0.04927884615384615 0.13701923076923078
1 0.39302884615384615 0.5985576923076923 0.09615384615384616 0.14903846153846154
1 0.34134615384615385 0.4362980769230769 0.1141826923076923 0.2512019230769231
1 0.25 0.8125 0.11778846153846154 0.24639423076923078
1 0.22956730769230768 0.6033653846153846 0.15625 0.1875
1 0.07091346153846154 0.31490384615384615 0.11778846153846154 0.11538461538461539
1 0.12620192307692307 0.47596153846153844 0.11778846153846154 0.10817307692307693
1 0.11658653846153846 0.18990384615384615 0.0733173076923077 0.09735576923076923
1 0.14302884615384615 0.9543269230769231 0.08533653846153846 0.09014423076923077
