1 0.5576923076923077 0.12620192307692307 0.08173076923076923 0.18028846153846154
1 0.7403846153846154 0.6959134615384616 0.07091346153846154 0.15144230769230768
1 0.7175480769230769 0.5709134615384616 0.07572115384615384 0.1201923076923077
1 0.8473557692307693 0.4050480769230769 0.12740384615384615 0.19471153846153846
1 0.4483173076923077 0.9098557692307693 0.18629807692307693 0.15144230769230768
1 0.36177884615384615 0.3954326923076923 0.08774038461538461 0.1045673076923077
1 0.4519230769230769 0.16346153846153846 0.09134615384615384 0.15144230769230768
1 0.33533653846153844 0.203125 0.11177884615384616 0.15625
1 0.24639423076923078 0.2091346153846154 0.0985576923076923 0.18389423076923078
0 0.038461538461538464 0.0733173076923077 0.055288461538461536 0.10096153846153846
1 0.1201923076923077 0.9495192307692307 0.14903846153846154 0.10096153846153846
1 0.078125 0.7704326923076923 0.1346153846153846 0.1466346153846154
1 0.15384615384615385 0.6165865384615384 0.09134615384615384 0.09615384615384616
1 0.09375 0.28365384615384615 0.11057692307692307 0.13581730769230768
1 0.04567307692307692 0.19230769230769232 0.09134615384615384 0.125
0 0.052884615384615384 0.6201923076923077 0.06610576923076923 0.1045673076923077
0 0.06971153846153846 0.43990384615384615 0.09735576923076923 0.20793269230769232
0 0.15985576923076922 0.4567307692307692 0.10096153846153846 0.17307692307692307
0 0.8257211538461539 0.8521634615384616 0.07692307692307693 0.1141826923076923
0 0.3798076923076923 0.6538461538461539 0.06610576923076923 0.1045673076923077
0 0.37740384615384615 0.75 0.0625 0.09615384615384616
1 0.65625 0.3737980769230769 0.051682692307692304 0.08533653846153846
1 0.6766826923076923 0.5288461538461539 0.06370192307692307 0.12740384615384615
1 0.625 0.30649038461538464 0.06009615384615385 0.07211538461538461
1 0.6045673076923077 0.265625 0.046875 0.051682692307692304
1 0.7524038461538461 0.078125 0.0625 0.15144230769230768
