1 0.8605769230769231 0.8966346153846154 0.109375 0.20673076923076922
1 0.7379807692307693 0.9182692307692307 0.15144230769230768 0.16346153846153846
1 0.59375 0.23317307692307693 0.06490384615384616 0.1141826923076923
1 0.5829326923076923 0.11538461538461539 0.04567307692307692 0.08533653846153846
1 0.5420673076923077 0.09495192307692307 0.04807692307692308 0.1346153846153846
1 0.6887019230769231 0.03485576923076923 0.08173076923076923 0.06971153846153846
1 0.9543269230769231 0.6358173076923077 0.0673076923076923 0.1201923076923077
1 0.3918269230769231 0.5877403846153846 0.09375 0.1466346153846154
1 0.3425480769230769 0.43990384615384615 0.12379807692307693 0.2439903846153846
1 0.4110576923076923 0.48197115384615385 0.06370192307692307 0.125
1 0.2536057692307692 0.7992788461538461 0.13822115384615385 0.21033653846153846
1 0.22956730769230768 0.6153846153846154 0.14903846153846154 0.1875
1 0.12139423076923077 0.4699519230769231 0.11778846153846154 0.12259615384615384
1 0.07572115384615384 0.328125 0.10096153846153846 0.1201923076923077
1 0.11538461538461539 0.18629807692307693 0.07692307692307693 0.09735576923076923
1 0.1346153846153846 0.9567307692307693 0.09014423076923077 0.08653846153846154
1 0.22115384615384615 0.9639423076923077 0.0673076923076923 0.07211538461538461
1 0.14543269230769232 0.6177884615384616 0.06971153846153846 0.11899038461538461
0 0.11778846153846154 0.7992788461538461 0.06971153846153846 0.078125
0 0.09375 0.6430288461538461 0.0625 0.0829326923076923
0 0.042067307692307696 0.19951923076923078 0.057692307692307696 0.0985576923076923
0 0.04326923076923077 0.057692307692307696 0.08653846153846154 0.11538461538461539
0 0.11057692307692307 0.051682692307692304 0.09134615384615384 0.10336538461538461
0 0.6574519230769231 0.38100961538461536 0.05048076923076923 0.10216346153846154
1 0.7175480769230769 0.171875 0.036057692307692304 0.10336538461538461
1 0.44350961538461536 0.7451923076923077 0.057692307692307696 0.09735576923076923
0 0.3016826923076923 0.28125 0.04927884615384615 0.06370192307692307
1 0.28966346153846156 0.3798076923076923 0.07451923076923077 0.1141826923076923
1 0.2800480769230769 0.09495192307692307 0.06370192307692307 0.125
1 0.25600961538461536 0.16346153846153846 0.036057692307692304 0.12980769230769232
1 0.3173076923076923 0.23317307692307693 0.0673076923076923 0.10336538461538461
