0 0.24158653846153846 0.8185096153846154 0.0985576923076923 0.1875
1 0.7487980769230769 0.9290865384615384 0.13942307692307693 0.140625
0 0.8533653846153846 0.9074519230769231 0.10576923076923077 0.18509615384615385
0 0.11778846153846154 0.8016826923076923 0.0673076923076923 0.10697115384615384
0 0.13822115384615385 0.9447115384615384 0.09375 0.11057692307692307
0 0.22596153846153846 0.9579326923076923 0.09014423076923077 0.078125
0 0.4411057692307692 0.7704326923076923 0.06971153846153846 0.11057692307692307
0 0.40384615384615385 0.7019230769230769 0.04326923076923077 0.08653846153846154
1 0.39663461538461536 0.5817307692307693 0.11057692307692307 0.1346153846153846
1 0.5901442307692307 0.2247596153846154 0.07932692307692307 0.09735576923076923
1 0.5889423076923077 0.11778846153846154 0.06490384615384616 0.11057692307692307
1 0.5444711538461539 0.08774038461538461 0.03485576923076923 0.15865384615384615
1 0.23076923076923078 0.6153846153846154 0.14423076923076922 0.1466346153846154
1 0.3016826923076923 0.7379807692307693 0.06971153846153846 0.14903846153846154
1 0.36538461538461536 0.4387019230769231 0.171875 0.1935096153846154
0 0.27403846153846156 0.07572115384615384 0.057692307692307696 0.14903846153846154
0 0.3016826923076923 0.203125 0.055288461538461536 0.10697115384615384
0 0.30408653846153844 0.2848557692307692 0.040865384615384616 0.07091346153846154
0 0.28846153846153844 0.3629807692307692 0.04326923076923077 0.14182692307692307
0 0.038461538461538464 0.17548076923076922 0.06971153846153846 0.09495192307692307
0 0.046875 0.06610576923076923 0.09375 0.1310096153846154
0 0.09615384615384616 0.04447115384615385 0.0889423076923077 0.0889423076923077
1 0.9567307692307693 0.625 0.0733173076923077 0.13701923076923078
0 0.6610576923076923 0.36899038461538464 0.051682692307692304 0.11538461538461539
0 0.13822115384615385 0.6129807692307693 0.04326923076923077 0.13942307692307693
1 0.06850961538461539 0.29927884615384615 0.11778846153846154 0.15144230769230768
1 0.109375 0.47836538461538464 0.08653846153846154 0.12740384615384615
1 0.6826923076923077 0.036057692307692304 0.08173076923076923 0.07211538461538461
0 0.10096153846153846 0.6322115384615384 0.05889423076923077 0.06129807692307692
